0 0.177868 0.270192 0.102312 0.030769
0 0.381421 0.276202 0.085616 0.023077
0 0.279752 0.270793 0.093750 0.029567
0 0.050728 0.364784 0.101455 0.034375
0 0.069349 0.236178 0.097603 0.032452
0 0.151113 0.333894 0.085616 0.031731
0 0.425086 0.458774 0.049658 0.025240
0 0.366866 0.458053 0.051370 0.026683
0 0.316139 0.424279 0.048373 0.027404
0 0.304580 0.458053 0.053510 0.031010
0 0.258990 0.426202 0.052226 0.028365
0 0.250428 0.456851 0.051370 0.029087
0 0.189426 0.427043 0.056079 0.029087
0 0.190497 0.456851 0.054795 0.029087
0 0.131207 0.425962 0.050086 0.026442
0 0.132491 0.456971 0.052654 0.028846
0 0.019906 0.426322 0.039812 0.028125
0 0.070634 0.426202 0.055651 0.025962
0 0.021404 0.455168 0.042808 0.027644
0 0.074058 0.456611 0.053938 0.031971
0 0.071062 0.521755 0.064212 0.018510
0 0.226241 0.517308 0.068921 0.034135
0 0.289170 0.515625 0.045805 0.039904
0 0.377568 0.427043 0.057363 0.026683
0 0.382920 0.408534 0.051798 0.009856
0 0.436002 0.425601 0.046661 0.031971
0 0.487586 0.452885 0.052226 0.025481
0 0.243579 0.324639 0.086473 0.020433
0 0.243365 0.348918 0.083476 0.019952
0 0.246575 0.372115 0.080479 0.021154
0 0.335616 0.371995 0.083048 0.017548
0 0.337757 0.348197 0.087329 0.021394
0 0.428082 0.349880 0.083904 0.020433
0 0.519906 0.350841 0.084332 0.020913
0 0.611087 0.351082 0.086901 0.020433
0 0.152183 0.366466 0.092038 0.028606
0 0.706978 0.369471 0.082620 0.031731
0 0.512414 0.373077 0.081336 0.019712
0 0.426370 0.372356 0.081336 0.021154
0 0.983733 0.440505 0.031678 0.015625
0 0.986943 0.420433 0.025257 0.016827
0 0.960616 0.511779 0.029966 0.036058
0 0.988656 0.508654 0.020976 0.037500
0 0.730522 0.465385 0.044092 0.021154
0 0.657534 0.459014 0.061644 0.027163
0 0.605736 0.373077 0.088185 0.019712
0 0.071276 0.270553 0.098031 0.030048
0 0.042166 0.142668 0.084332 0.079567
0 0.570634 0.278125 0.088185 0.021635
0 0.260488 0.587019 0.050942 0.034615
0 0.195848 0.581010 0.052654 0.028365
0 0.024829 0.595433 0.046233 0.020192
0 0.078981 0.598798 0.056079 0.025000
0 0.133348 0.601082 0.050086 0.020433
0 0.081550 0.567548 0.057791 0.025000
0 0.139127 0.568510 0.053938 0.018750
0 0.029752 0.663101 0.043236 0.024760
0 0.035531 0.642188 0.038527 0.013702
0 0.083476 0.643750 0.041096 0.010577
0 0.108733 0.655889 0.046233 0.006971
0 0.082834 0.672957 0.055223 0.020913
0 0.133990 0.672596 0.039384 0.017308
0 0.188142 0.655409 0.062072 0.019471
0 0.242723 0.648678 0.044521 0.020913
0 0.190711 0.679567 0.058647 0.021635
0 0.585830 0.679688 0.052654 0.025721
0 0.645548 0.655048 0.049658 0.025000
0 0.698630 0.656010 0.049658 0.025000
0 0.643408 0.680889 0.053082 0.022837
0 0.697988 0.682572 0.056079 0.024760
0 0.807791 0.666947 0.063356 0.040144
0 0.901327 0.673317 0.058647 0.036538
0 0.325342 0.587019 0.053938 0.046154
0 0.391695 0.584495 0.060788 0.048798
0 0.455265 0.592308 0.053510 0.044712
0 0.508562 0.596274 0.033390 0.043510
0 0.423587 0.168870 0.074914 0.036298
0 0.504067 0.172716 0.073202 0.032933
0 0.591824 0.173678 0.097175 0.031010
0 0.691139 0.175361 0.095462 0.027644
0 0.778682 0.161298 0.067637 0.055769
0 0.879923 0.170553 0.073202 0.043990
0 0.959332 0.173918 0.076199 0.039183
0 0.946490 0.272476 0.087329 0.039663
0 0.948630 0.233654 0.068493 0.033654
0 0.841396 0.264663 0.070634 0.099038
0 0.824058 0.355409 0.067637 0.078125
0 0.978596 0.678365 0.041952 0.042308
0 0.342038 0.515745 0.051370 0.037260
0 0.508776 0.517067 0.053510 0.039423
0 0.567209 0.515144 0.053082 0.036058
0 0.625214 0.515625 0.053510 0.037500
0 0.684075 0.518630 0.048801 0.038221
0 0.743579 0.516827 0.054795 0.037500
0 0.811644 0.522356 0.034247 0.026442
0 0.972603 0.602404 0.053938 0.014904
0 0.895976 0.601803 0.055651 0.028125
0 0.768622 0.595913 0.046661 0.044231
0 0.723245 0.594712 0.037243 0.044712
0 0.550728 0.595313 0.039812 0.045433
0 0.399187 0.513221 0.046661 0.035577
0 0.336259 0.170913 0.092894 0.034135
0 0.022902 0.745072 0.045805 0.053606
0 0.150899 0.742188 0.040668 0.054567
0 0.577055 0.741827 0.047089 0.055769
0 0.010702 0.848077 0.021404 0.044712
0 0.084760 0.836058 0.051370 0.052885
0 0.144692 0.843750 0.056507 0.064904
0 0.201841 0.831010 0.039812 0.055769
0 0.342894 0.840745 0.044521 0.073317
0 0.400685 0.855649 0.041952 0.052644
0 0.449272 0.850601 0.049229 0.057933
0 0.563142 0.857572 0.060360 0.050721
0 0.624358 0.860457 0.060360 0.052163
0 0.688356 0.853966 0.049658 0.056010
0 0.529538 0.742788 0.037671 0.060096
0 0.749786 0.855048 0.062072 0.051442
0 0.934717 0.835096 0.092894 0.063942
0 0.973887 0.757212 0.044521 0.031250
0 0.895548 0.730288 0.047089 0.021154
0 0.821490 0.723437 0.078767 0.011779
0 0.824058 0.759856 0.083904 0.025962
0 0.755565 0.755409 0.032534 0.037260
0 0.714255 0.746034 0.035531 0.051683
0 0.671019 0.745553 0.043236 0.054567
0 0.811858 0.439543 0.071490 0.081971
0 0.753853 0.277524 0.066781 0.020433
0 0.667380 0.275601 0.096747 0.026683
0 0.833690 0.837139 0.086901 0.075721
0 0.106378 0.745192 0.037243 0.053365
0 0.480094 0.740505 0.041524 0.055048
0 0.388271 0.740865 0.049658 0.059615
0 0.248074 0.676803 0.050942 0.022356
0 0.318493 0.645673 0.053938 0.020673
0 0.373074 0.646034 0.051798 0.022356
0 0.305009 0.682091 0.054366 0.011779
0 0.366652 0.679327 0.055223 0.010096
0 0.424443 0.673438 0.048373 0.022356
0 0.462971 0.652043 0.044092 0.011298
0 0.494863 0.647356 0.013699 0.019712
0 0.475385 0.678726 0.039812 0.020913
0 0.533390 0.651322 0.049658 0.025240
0 0.585616 0.653005 0.043664 0.024279
0 0.435574 0.736418 0.042380 0.050240
0 0.532106 0.681611 0.047089 0.024279
0 0.475599 0.275000 0.089041 0.025481
0 0.200342 0.731611 0.033390 0.038702
0 0.240154 0.744591 0.044521 0.056490
0 0.287457 0.741827 0.049229 0.062019
0 0.335188 0.739663 0.041096 0.052885
0 0.247860 0.171154 0.083048 0.036058