0 0.404820 0.436428 0.031046 0.114277
0 0.446487 0.448376 0.036765 0.103248
0 0.482026 0.445925 0.026144 0.105699
0 0.514093 0.268536 0.048611 0.117953
0 0.562296 0.270067 0.045343 0.117341
0 0.506740 0.889246 0.071487 0.010723
0 0.657475 0.268229 0.034722 0.114890
0 0.403595 0.588082 0.040850 0.127145
0 0.360907 0.592984 0.043709 0.116728
0 0.322508 0.582414 0.035539 0.109681
0 0.273080 0.591146 0.040441 0.098958
0 0.234886 0.594822 0.035948 0.109988
0 0.195261 0.594363 0.045752 0.107230
0 0.142565 0.606924 0.049020 0.082721
0 0.063725 0.537684 0.047386 0.047181
0 0.017157 0.721201 0.030229 0.106005
0 0.058007 0.721201 0.042484 0.107843
0 0.095384 0.721661 0.028186 0.109988
0 0.131127 0.724418 0.038399 0.104473
0 0.186683 0.694547 0.035131 0.061887
0 0.291667 0.749847 0.049020 0.056679
0 0.292892 0.689645 0.054739 0.042892
0 0.350082 0.724112 0.052288 0.105699
0 0.407271 0.736979 0.056373 0.085478
0 0.186683 0.907782 0.063725 0.014093
0 0.192810 0.891544 0.071078 0.018382
0 0.189134 0.874387 0.076797 0.014706
0 0.182802 0.853554 0.070670 0.025123
0 0.185049 0.823223 0.060458 0.025735
0 0.099877 0.892310 0.089461 0.087316
0 0.445261 0.611060 0.031046 0.068321
0 0.946078 0.726103 0.069444 0.094975
0 0.802492 0.738205 0.051062 0.076900
0 0.742239 0.739124 0.057190 0.074449
0 0.677288 0.749387 0.062092 0.051471
0 0.601511 0.729933 0.073938 0.083640
0 0.534518 0.731464 0.061683 0.084252
0 0.469363 0.731771 0.058007 0.081189
0 0.875408 0.724418 0.066993 0.097120
0 0.499592 0.641850 0.065359 0.014706
0 0.500000 0.604933 0.060458 0.056679
0 0.588440 0.594822 0.070670 0.085478
0 0.622549 0.428156 0.050654 0.103860
0 0.669730 0.443781 0.031454 0.101409
0 0.718954 0.445006 0.051471 0.103860
0 0.777982 0.446232 0.038807 0.109375
0 0.825776 0.446844 0.037990 0.106311
0 0.870098 0.450214 0.035948 0.108150
0 0.579657 0.440411 0.030229 0.100797
0 0.609477 0.271599 0.049020 0.114890
0 0.745302 0.597580 0.070670 0.089154
0 0.808007 0.581036 0.035131 0.076900
0 0.878676 0.602788 0.069444 0.072610
0 0.956699 0.612745 0.068627 0.048407
0 0.976716 0.425705 0.040850 0.120404
0 0.921160 0.450521 0.056373 0.108150
0 0.687092 0.590839 0.040850 0.102022
0 0.262255 0.911612 0.075980 0.014400
0 0.529616 0.445312 0.060049 0.115502
0 0.417892 0.268536 0.040850 0.111826
0 0.329453 0.446844 0.034722 0.104473
0 0.291258 0.446538 0.027778 0.103860
0 0.258170 0.445312 0.039216 0.107537
0 0.215278 0.442862 0.031046 0.108150
0 0.178922 0.441330 0.040033 0.108762
0 0.135008 0.438879 0.033905 0.103860
0 0.466095 0.267004 0.042484 0.120404
0 0.092933 0.431219 0.038807 0.119179
0 0.022672 0.421722 0.029820 0.106311
0 0.050654 0.286152 0.089869 0.069853
0 0.151757 0.288143 0.095180 0.066483
0 0.237745 0.290135 0.074346 0.068015
0 0.309436 0.290135 0.061683 0.066789
0 0.368873 0.264246 0.053105 0.125306
0 0.057190 0.422641 0.024510 0.108762
0 0.267770 0.890165 0.075572 0.014400
0 0.233660 0.726562 0.051471 0.107537
0 0.265114 0.856311 0.085784 0.009191
0 0.784314 0.935509 0.080065 0.021752
0 0.764706 0.870251 0.075980 0.011949
0 0.869281 0.920190 0.066993 0.020527
0 0.944036 0.913143 0.065359 0.014400
0 0.940155 0.898591 0.077206 0.010417
0 0.930351 0.866575 0.078840 0.010110
0 0.368873 0.438572 0.032680 0.113664
0 0.051062 0.061121 0.061275 0.116728
0 0.116626 0.062040 0.065768 0.114277
0 0.269404 0.872089 0.073938 0.014400
0 0.235294 0.066942 0.050654 0.110600
0 0.297794 0.058824 0.061275 0.112132
0 0.358864 0.062347 0.052696 0.116728
0 0.413194 0.060509 0.048611 0.114890
0 0.460172 0.071691 0.043709 0.094975
0 0.506536 0.071691 0.038399 0.091912
0 0.559845 0.060202 0.059232 0.117341
0 0.633374 0.063113 0.080474 0.114583
0 0.737132 0.065717 0.083742 0.122243
0 0.820670 0.083180 0.071895 0.092831
0 0.904820 0.064951 0.060458 0.126838
0 0.970997 0.067402 0.053922 0.127451
0 0.902778 0.251685 0.180556 0.148591
0 0.781658 0.275276 0.042892 0.103860
0 0.724673 0.275582 0.071895 0.104473
0 0.708538 0.911152 0.022467 0.042279
0 0.651348 0.913909 0.067402 0.012868
0 0.178513 0.060662 0.055556 0.115809
0 0.503064 0.917739 0.068219 0.009498
0 0.581904 0.912071 0.062500 0.013480
0 0.424632 0.848652 0.080474 0.015319
0 0.426675 0.835478 0.079657 0.013480
0 0.422386 0.912224 0.070261 0.010110
0 0.427083 0.864277 0.084559 0.012868
0 0.427900 0.876532 0.082108 0.009804
0 0.346814 0.909161 0.073529 0.016850
0 0.428717 0.887714 0.079657 0.008272
0 0.350490 0.872549 0.076797 0.017157
0 0.263889 0.835784 0.071078 0.022672
0 0.344771 0.891850 0.075980 0.015931
0 0.424224 0.897365 0.077206 0.011642
0 0.507149 0.866115 0.072304 0.010417
0 0.504085 0.904871 0.076797 0.011336
0 0.506536 0.878064 0.075163 0.009804