0 0.688248 0.826562 0.055128 0.031971
0 0.746368 0.823317 0.055983 0.035096
0 0.688889 0.860337 0.056410 0.032212
0 0.756197 0.861418 0.062821 0.036779
0 0.808761 0.828005 0.039744 0.041106
0 0.984829 0.835577 0.029487 0.013942
0 0.939316 0.814904 0.045299 0.020673
0 0.028205 0.583534 0.056410 0.017067
0 0.027137 0.606370 0.050855 0.023317
0 0.025000 0.523798 0.050000 0.037981
0 0.626068 0.864423 0.058120 0.033654
0 0.963248 0.857572 0.067521 0.029087
0 0.627350 0.830409 0.056410 0.032933
0 0.670085 0.482452 0.070085 0.032212
0 0.559615 0.820793 0.057692 0.020433
0 0.921154 0.361779 0.077350 0.067788
0 0.087393 0.448317 0.059402 0.033654
0 0.087179 0.485697 0.067521 0.036298
0 0.169231 0.444591 0.057265 0.032933
0 0.158120 0.484856 0.064957 0.037019
0 0.230556 0.485938 0.077350 0.035337
0 0.238248 0.445433 0.067094 0.034615
0 0.305556 0.448317 0.061538 0.033654
0 0.300000 0.484856 0.063248 0.034615
0 0.370299 0.483413 0.075641 0.037981
0 0.446368 0.481611 0.069658 0.040625
0 0.376709 0.444351 0.058547 0.037260
0 0.448077 0.444111 0.068803 0.034375
0 0.513889 0.441587 0.052564 0.036538
0 0.578846 0.444111 0.061966 0.031971
0 0.524573 0.481971 0.064530 0.038942
0 0.592308 0.481971 0.071795 0.038462
0 0.509188 0.542308 0.067949 0.034135
0 0.428205 0.580769 0.061538 0.031731
0 0.430128 0.546034 0.062821 0.036779
0 0.357479 0.575841 0.067094 0.034375
0 0.358974 0.536779 0.061538 0.032692
0 0.257906 0.566106 0.076496 0.045673
0 0.832692 0.361298 0.100427 0.072596
0 0.169444 0.571635 0.065385 0.029327
0 0.167521 0.540144 0.058974 0.029808
0 0.104701 0.539303 0.064103 0.025721
0 0.978419 0.519351 0.042308 0.057933
0 0.743590 0.482452 0.071795 0.035096
0 0.732692 0.446394 0.067094 0.031731
0 0.661538 0.448077 0.065812 0.035096
0 0.104060 0.570793 0.058547 0.031490
0 0.715171 0.364663 0.066239 0.066827
0 0.645085 0.365505 0.074786 0.066587
0 0.554701 0.371154 0.056410 0.065865
0 0.060470 0.265745 0.108974 0.070913
0 0.983547 0.124038 0.026923 0.065865
0 0.882692 0.118990 0.175641 0.075481
0 0.683547 0.122837 0.194444 0.073077
0 0.538462 0.121635 0.075214 0.073077
0 0.462821 0.123678 0.068376 0.072356
0 0.235256 0.263462 0.069658 0.073558
0 0.349786 0.134615 0.146581 0.055769
0 0.564103 0.852284 0.058120 0.032933
0 0.215171 0.135697 0.114957 0.043990
0 0.210684 0.088341 0.114530 0.042548
0 0.200000 0.039183 0.110256 0.037500
0 0.201496 0.008654 0.121795 0.017308
0 0.082479 0.114663 0.140171 0.087981
0 0.347222 0.076683 0.150000 0.054808
0 0.575641 0.542668 0.060684 0.029567
0 0.311966 0.265144 0.082906 0.071635
0 0.486966 0.263462 0.079060 0.072596
0 0.491026 0.367188 0.070085 0.072356
0 0.420940 0.367668 0.070085 0.070433
0 0.354060 0.367428 0.064530 0.072837
0 0.294231 0.371154 0.043162 0.070673
0 0.233333 0.369471 0.078632 0.074519
0 0.147436 0.368149 0.069231 0.071875
0 0.398077 0.264904 0.080769 0.074038
0 0.071154 0.368149 0.078205 0.074279
0 0.950214 0.276442 0.024359 0.042308
0 0.897650 0.260817 0.077350 0.077885
0 0.820726 0.260817 0.076496 0.077885
0 0.739957 0.262500 0.081624 0.078846
0 0.652137 0.262019 0.084615 0.077885
0 0.568162 0.263942 0.083333 0.075000
0 0.981624 0.274880 0.035897 0.044952
0 0.504487 0.576803 0.058547 0.031490
0 0.347650 0.022115 0.158547 0.042308
0 0.035256 0.678606 0.067094 0.026442
0 0.631838 0.759976 0.073932 0.042548
0 0.716667 0.759976 0.094872 0.043510
0 0.812393 0.716106 0.081197 0.029327
0 0.900855 0.713221 0.088034 0.034135
0 0.814316 0.761899 0.089316 0.046394
0 0.898718 0.762260 0.079487 0.043750
0 0.972009 0.748558 0.055128 0.024519
0 0.974145 0.781250 0.050855 0.035096
0 0.016880 0.837620 0.033761 0.027163
0 0.017308 0.872236 0.031197 0.032933
0 0.072863 0.828606 0.060256 0.033654
0 0.062393 0.867548 0.052991 0.037019
0 0.138462 0.866827 0.072650 0.040385
0 0.155769 0.823918 0.077350 0.021875
0 0.252564 0.831611 0.061538 0.022837
0 0.325000 0.821034 0.057692 0.025721
0 0.319017 0.860577 0.062821 0.037500
0 0.383974 0.839063 0.055983 0.030529
0 0.381197 0.870673 0.056410 0.028365
0 0.439957 0.818029 0.053419 0.019712
0 0.438034 0.843750 0.044444 0.027885
0 0.493376 0.838462 0.049145 0.029327
0 0.566880 0.577043 0.066239 0.031010
0 0.676923 0.713462 0.088034 0.026442
0 0.548932 0.742428 0.061966 0.025721
0 0.229060 0.870793 0.061538 0.041587
0 0.547863 0.713221 0.051282 0.029327
0 0.273718 0.647596 0.052564 0.024038
0 0.345085 0.633894 0.081624 0.035096
0 0.424573 0.631370 0.078205 0.036298
0 0.195513 0.626202 0.058547 0.017308
0 0.341880 0.667788 0.074359 0.031250
0 0.420299 0.667548 0.077350 0.029327
0 0.500855 0.626202 0.072650 0.026923
0 0.574573 0.627163 0.066239 0.026442
0 0.109829 0.666707 0.058120 0.033413
0 0.117521 0.631370 0.059829 0.030048
0 0.492521 0.742788 0.047436 0.027404
0 0.272222 0.624519 0.062393 0.016346
0 0.195940 0.652524 0.046581 0.029087
0 0.493162 0.713822 0.057265 0.027163
0 0.433761 0.755048 0.057265 0.031731
0 0.375641 0.757452 0.056410 0.025481
0 0.372222 0.728846 0.058120 0.028365
0 0.502137 0.660697 0.070940 0.038221
0 0.311966 0.757933 0.061538 0.030769
0 0.250855 0.758053 0.053846 0.033894
0 0.571368 0.661659 0.068376 0.036298
0 0.136111 0.753365 0.068803 0.041346
0 0.309188 0.719471 0.051709 0.030769
0 0.253205 0.720313 0.058547 0.028125
0 0.196154 0.752524 0.051282 0.041587