0 0.645120 0.781851 0.063356 0.032933
0 0.641053 0.741226 0.072346 0.043029
0 0.551798 0.748437 0.095890 0.042067
0 0.558647 0.788582 0.085616 0.029087
0 0.452483 0.787260 0.094178 0.029808
0 0.453125 0.751202 0.080908 0.044231
0 0.244007 0.746755 0.099315 0.034856
0 0.164598 0.786538 0.065497 0.034135
0 0.142551 0.745553 0.093322 0.038221
0 0.054152 0.782212 0.074058 0.041346
0 0.052868 0.742909 0.076627 0.032933
0 0.860445 0.653846 0.036815 0.062500
0 0.824914 0.654808 0.028253 0.062500
0 0.790454 0.653365 0.038955 0.063462
0 0.749786 0.655168 0.035531 0.064183
0 0.249572 0.785697 0.095890 0.037740
0 0.907534 0.651923 0.039384 0.066827
0 0.614726 0.890264 0.085616 0.039183
0 0.735017 0.787139 0.060788 0.029567
0 0.978596 0.775481 0.041952 0.065865
0 0.899829 0.845192 0.067637 0.035577
0 0.899401 0.885457 0.071062 0.032452
0 0.810146 0.878486 0.079195 0.047837
0 0.701413 0.888702 0.075771 0.035096
0 0.613442 0.853365 0.084760 0.027404
0 0.528467 0.892668 0.068065 0.041587
0 0.522260 0.855529 0.089041 0.029327
0 0.443065 0.850120 0.064212 0.027644
0 0.722603 0.744231 0.083048 0.040865
0 0.441995 0.890024 0.078339 0.039183
0 0.355736 0.854688 0.096747 0.032933
0 0.255351 0.885938 0.074058 0.053125
0 0.176584 0.889423 0.074914 0.051442
0 0.103382 0.871394 0.062928 0.089904
0 0.038313 0.877043 0.057791 0.085817
0 0.911815 0.748678 0.077055 0.035817
0 0.915668 0.786298 0.079623 0.033654
0 0.826199 0.782933 0.085616 0.029808
0 0.826627 0.745433 0.088185 0.043269
0 0.358733 0.893269 0.079623 0.039904
0 0.713613 0.656250 0.030822 0.062019
0 0.598031 0.657692 0.101884 0.043269
0 0.472389 0.670072 0.066353 0.027644
0 0.893193 0.357452 0.029538 0.054327
0 0.923159 0.356971 0.026969 0.049038
0 0.952269 0.359615 0.027825 0.048077
0 0.980736 0.362500 0.031678 0.035096
0 0.041096 0.457452 0.044521 0.063462
0 0.085830 0.457452 0.037243 0.062981
0 0.131849 0.453365 0.053082 0.069231
0 0.856592 0.354567 0.038527 0.058654
0 0.182363 0.457933 0.038527 0.069712
0 0.263485 0.456130 0.037243 0.081971
0 0.311002 0.453365 0.050942 0.079808
0 0.376712 0.455288 0.047945 0.075000
0 0.420377 0.455168 0.039384 0.073317
0 0.463827 0.458534 0.044092 0.078606
0 0.502568 0.458534 0.035103 0.077644
0 0.541524 0.459014 0.022260 0.058413
0 0.225171 0.456010 0.037671 0.074519
0 0.568065 0.463341 0.028253 0.049279
0 0.811216 0.357212 0.053082 0.059615
0 0.641481 0.362019 0.049229 0.039423
0 0.067209 0.229207 0.053082 0.070913
0 0.135274 0.227524 0.064212 0.073317
0 0.186216 0.235096 0.036815 0.057692
0 0.227098 0.234495 0.041524 0.061779
0 0.287457 0.243389 0.066353 0.058413
0 0.035531 0.343269 0.047089 0.069712
0 0.080265 0.343269 0.044949 0.068269
0 0.709332 0.365505 0.055651 0.023798
0 0.137628 0.343269 0.068921 0.069712
0 0.283818 0.356611 0.050514 0.050240
0 0.376284 0.333774 0.080479 0.015144
0 0.386558 0.362861 0.086473 0.032933
0 0.464683 0.347957 0.065497 0.058894
0 0.523973 0.355889 0.035959 0.051202
0 0.553510 0.361178 0.024829 0.041587
0 0.584118 0.361178 0.030394 0.040625
0 0.209118 0.345553 0.058647 0.058413
0 0.594178 0.463942 0.022260 0.049038
0 0.621575 0.460697 0.029110 0.048798
0 0.647046 0.466827 0.012414 0.052404
0 0.315497 0.611538 0.040240 0.024038
0 0.312500 0.633894 0.034247 0.022596
0 0.315711 0.659255 0.036387 0.016587
0 0.326627 0.677885 0.043664 0.021635
0 0.663955 0.556611 0.028253 0.078125
0 0.702055 0.554327 0.031678 0.074519
0 0.731807 0.556250 0.023545 0.080288
0 0.317637 0.583534 0.040240 0.024279
0 0.766267 0.552644 0.039384 0.075481
0 0.852740 0.556611 0.045377 0.067548
0 0.897046 0.553606 0.037243 0.061538
0 0.938356 0.552885 0.047945 0.061538
0 0.017765 0.654928 0.031250 0.064663
0 0.061858 0.655409 0.051798 0.060817
0 0.196276 0.653846 0.037243 0.070673
0 0.248288 0.664303 0.054795 0.048317
0 0.808433 0.558534 0.042380 0.065625
0 0.310146 0.556971 0.044092 0.020192
0 0.312500 0.521755 0.044521 0.046394
0 0.623074 0.552284 0.041524 0.074760
0 0.668664 0.462500 0.022260 0.053365
0 0.698416 0.455168 0.033818 0.064183
0 0.744435 0.453726 0.048801 0.060337
0 0.793450 0.456611 0.041524 0.061298
0 0.880565 0.468990 0.029110 0.026923
0 0.932149 0.474880 0.059503 0.015144
0 0.939854 0.447356 0.050086 0.035096
0 0.029752 0.555288 0.026113 0.075481
0 0.075771 0.560697 0.055651 0.067067
0 0.128639 0.566106 0.041524 0.062019
0 0.179580 0.559736 0.056935 0.068990
0 0.254067 0.563582 0.047517 0.054567
0 0.367080 0.553005 0.043236 0.062740
0 0.410745 0.554688 0.038955 0.060337
0 0.449272 0.556370 0.034675 0.061298
0 0.490154 0.553125 0.039384 0.063462
0 0.525685 0.554928 0.033390 0.067067
0 0.676370 0.655769 0.037671 0.062981
0 0.570634 0.553125 0.056507 0.066346
0 0.704195 0.850120 0.069349 0.031971