0 0.121528 0.112592 0.042892 0.105699
0 0.252042 0.101562 0.039216 0.121017
0 0.042075 0.116881 0.051471 0.092831
0 0.390931 0.485447 0.058007 0.050551
0 0.667075 0.794884 0.031863 0.085478
0 0.170752 0.108303 0.056373 0.113664
0 0.215686 0.100950 0.031863 0.122243
0 0.608456 0.512868 0.046977 0.105392
0 0.351716 0.097580 0.035131 0.122855
0 0.853350 0.526501 0.030229 0.078125
0 0.511642 0.275582 0.053513 0.066483
0 0.458333 0.276042 0.053922 0.069240
0 0.400327 0.278339 0.055556 0.067096
0 0.345997 0.278339 0.053922 0.067096
0 0.288194 0.258119 0.063317 0.107537
0 0.223856 0.258119 0.066176 0.109375
0 0.162582 0.261642 0.049837 0.100490
0 0.111111 0.261029 0.049837 0.100490
0 0.024306 0.273744 0.041258 0.079350
0 0.082108 0.410386 0.041667 0.065870
0 0.800654 0.507812 0.045752 0.095282
0 0.130106 0.398131 0.043709 0.102022
0 0.245098 0.393536 0.053922 0.105699
0 0.419118 0.392616 0.059641 0.113664
0 0.490605 0.398438 0.048203 0.099571
0 0.561479 0.393536 0.042075 0.102635
0 0.601511 0.396599 0.037990 0.102022
0 0.641748 0.397825 0.040033 0.099571
0 0.682598 0.397825 0.040033 0.098346
0 0.745098 0.395987 0.042484 0.100797
0 0.787990 0.392310 0.043301 0.102635
0 0.890931 0.391085 0.044935 0.098346
0 0.932190 0.398438 0.037582 0.081189
0 0.170343 0.398438 0.039216 0.102022
0 0.307190 0.111673 0.035131 0.100797
0 0.762051 0.507047 0.029003 0.093137
0 0.964461 0.518536 0.057190 0.087929
0 0.382149 0.118719 0.027369 0.081189
0 0.412582 0.107384 0.034314 0.103248
0 0.446078 0.121936 0.031863 0.075980
0 0.482435 0.101562 0.039216 0.117953
0 0.549632 0.093903 0.034722 0.127145
0 0.583742 0.093903 0.034314 0.126532
0 0.622958 0.093290 0.043301 0.125306
0 0.736111 0.087010 0.036765 0.131740
0 0.803513 0.109835 0.041667 0.079963
0 0.843546 0.131434 0.035948 0.033701
0 0.450368 0.493260 0.049428 0.034926
0 0.730596 0.526501 0.035539 0.078125
0 0.448325 0.525276 0.052696 0.029105
0 0.490196 0.520987 0.031046 0.089154
0 0.523693 0.523284 0.033497 0.087010
0 0.563930 0.513787 0.046160 0.104167
0 0.922794 0.092371 0.047386 0.108762
0 0.955065 0.251072 0.047386 0.098346
0 0.845588 0.242188 0.058007 0.114890
0 0.763480 0.248621 0.038399 0.111826
0 0.727328 0.246783 0.033905 0.111826
0 0.689542 0.264400 0.044118 0.082108
0 0.581699 0.270067 0.039216 0.074449
0 0.649510 0.522672 0.034314 0.086397
0 0.448529 0.553002 0.053105 0.028799
0 0.767770 0.084712 0.026552 0.132659
0 0.202614 0.653339 0.046569 0.059130
0 0.342116 0.528186 0.037173 0.075368
0 0.907475 0.608762 0.044526 0.026348
0 0.891136 0.795650 0.036356 0.081495
0 0.856618 0.798713 0.026961 0.081495
0 0.822917 0.797181 0.037990 0.077819
0 0.777982 0.791820 0.033905 0.086091
0 0.741422 0.791973 0.038399 0.085172
0 0.702614 0.791667 0.038399 0.086397
0 0.191585 0.790748 0.032680 0.091299
0 0.161356 0.790748 0.027778 0.091912
0 0.131127 0.790748 0.031046 0.094363
0 0.090686 0.805760 0.042484 0.064338
0 0.043709 0.808364 0.047386 0.059130
0 0.391748 0.536152 0.052288 0.051471
0 0.220588 0.790594 0.023693 0.091605
0 0.260825 0.807138 0.057598 0.057904
0 0.309028 0.794884 0.038807 0.085478
0 0.350899 0.795803 0.043301 0.087316
0 0.392157 0.808670 0.039216 0.060968
0 0.447100 0.806066 0.031454 0.069853
0 0.477328 0.796875 0.028186 0.089461
0 0.507557 0.801471 0.033088 0.079044
0 0.536969 0.801164 0.027369 0.083333
0 0.566789 0.793352 0.031454 0.101409
0 0.597018 0.791513 0.028186 0.096507
0 0.630719 0.792126 0.035131 0.091605
0 0.984069 0.652880 0.031046 0.021446
0 0.952002 0.674939 0.045343 0.013480
0 0.890523 0.519608 0.041667 0.094363
0 0.808211 0.642770 0.030637 0.078431
0 0.212214 0.524050 0.032271 0.087929
0 0.174020 0.525123 0.043301 0.087623
0 0.945670 0.649510 0.035948 0.034314
0 0.121732 0.554228 0.044935 0.026348
0 0.293096 0.651195 0.043709 0.060968
0 0.248775 0.651961 0.044935 0.060049
0 0.975899 0.387102 0.047386 0.103248
0 0.154616 0.653339 0.048611 0.056679
0 0.342116 0.652727 0.047794 0.057904
0 0.387459 0.635723 0.037173 0.088848
0 0.252451 0.516544 0.044935 0.104779
0 0.458129 0.645987 0.027369 0.071998
0 0.424632 0.636795 0.033905 0.087316
0 0.108864 0.653339 0.042892 0.059130
0 0.777369 0.643382 0.029412 0.077206
0 0.738358 0.607690 0.032271 0.044424
0 0.730188 0.654259 0.046160 0.046262
0 0.686070 0.643536 0.030637 0.079350
0 0.489788 0.636183 0.033497 0.089767
0 0.648897 0.642923 0.029820 0.078125
0 0.297794 0.515472 0.044118 0.105086
0 0.569240 0.637714 0.042075 0.087929
0 0.528595 0.637408 0.037582 0.091605
0 0.075776 0.521140 0.044526 0.086397
0 0.019812 0.653339 0.039624 0.062806
0 0.063521 0.654565 0.046160 0.060355
0 0.609477 0.637561 0.036765 0.088848