0 0.180913 0.755106 0.029105 0.117239
0 0.687040 0.063725 0.032782 0.100490
0 0.782475 0.041054 0.050245 0.082108
0 0.777727 0.123366 0.043811 0.078431
0 0.833946 0.125408 0.064338 0.075980
0 0.840227 0.045547 0.057904 0.078840
0 0.513634 0.741217 0.041973 0.117239
0 0.387868 0.728758 0.036152 0.111111
0 0.431679 0.743668 0.044118 0.117239
0 0.343290 0.738358 0.051164 0.127042
0 0.288756 0.748570 0.053002 0.131944
0 0.244945 0.756740 0.028493 0.104984
0 0.646752 0.058619 0.041054 0.117239
0 0.214461 0.763685 0.028799 0.104984
0 0.471967 0.736928 0.035233 0.116830
0 0.604473 0.056985 0.039828 0.110703
0 0.090380 0.047590 0.048407 0.095180
0 0.496936 0.054943 0.074755 0.109886
0 0.741422 0.758578 0.034314 0.073529
0 0.697917 0.748979 0.047181 0.097631
0 0.779412 0.755310 0.037990 0.076797
0 0.850950 0.760825 0.041360 0.078023
0 0.889400 0.758783 0.031863 0.076389
0 0.956648 0.755310 0.045650 0.074346
0 0.263480 0.254085 0.102328 0.353758
0 0.561275 0.056577 0.045956 0.109069
0 0.599112 0.750408 0.048100 0.096405
0 0.042433 0.045139 0.046875 0.090278
0 0.148131 0.758783 0.030331 0.117239
0 0.140165 0.048203 0.046875 0.091503
0 0.187500 0.048611 0.032475 0.096405
0 0.336857 0.049020 0.042586 0.098039
0 0.381587 0.052492 0.045650 0.100899
0 0.429075 0.054126 0.039522 0.108252
0 0.554228 0.730596 0.033701 0.091095
0 0.113358 0.758374 0.029412 0.116422
0 0.235754 0.496324 0.040748 0.035948
0 0.046262 0.756944 0.033088 0.120915
0 0.709099 0.206087 0.048100 0.100899
0 0.669577 0.206087 0.026654 0.100899
0 0.634498 0.204044 0.038603 0.101716
0 0.595588 0.202614 0.033701 0.104575
0 0.556373 0.200572 0.039216 0.106209
0 0.448836 0.194036 0.044118 0.110294
0 0.404259 0.195261 0.045037 0.111928
0 0.359375 0.194036 0.041667 0.107843
0 0.182138 0.184028 0.046875 0.122958
0 0.128370 0.178105 0.056373 0.131536
0 0.077359 0.196078 0.040135 0.089869
0 0.031710 0.196078 0.046875 0.085784
0 0.962623 0.129289 0.056985 0.078023
0 0.970129 0.047386 0.059130 0.080882
0 0.080729 0.758374 0.033395 0.118873
0 0.900276 0.128064 0.067096 0.081291
0 0.903952 0.044322 0.067096 0.081291
0 0.283548 0.500613 0.042586 0.034722
0 0.329810 0.459967 0.041360 0.035131
0 0.894301 0.232026 0.056985 0.079248
0 0.956801 0.236928 0.060049 0.076797
0 0.282629 0.463440 0.043199 0.033905
0 0.884498 0.311275 0.062500 0.075163
0 0.192249 0.494690 0.041973 0.035131
0 0.234835 0.459355 0.043199 0.033905
0 0.190411 0.458538 0.040748 0.032271
0 0.147518 0.492034 0.044424 0.037990
0 0.942708 0.388072 0.058211 0.074346
0 0.879289 0.387255 0.053922 0.070261
0 0.815104 0.374387 0.070772 0.120507
0 0.748928 0.370507 0.059130 0.120915
0 0.608303 0.342729 0.049326 0.082516
0 0.331801 0.499183 0.041667 0.036765
0 0.562960 0.339665 0.035846 0.104984
0 0.486060 0.338235 0.029105 0.092320
0 0.443474 0.332108 0.039522 0.093137
0 0.396599 0.334150 0.045037 0.109477
0 0.344056 0.332516 0.039216 0.103758
0 0.185815 0.323325 0.041360 0.116422
0 0.138480 0.329657 0.045343 0.100490
0 0.082721 0.324142 0.061887 0.118056
0 0.032475 0.323121 0.037377 0.116013
0 0.945312 0.311070 0.056066 0.071487
0 0.522672 0.339461 0.041054 0.104575
0 0.373468 0.486315 0.037990 0.056781
0 0.731924 0.062500 0.047794 0.107026
0 0.458487 0.479984 0.040748 0.069444
0 0.414062 0.486520 0.037684 0.057190
0 0.031710 0.600899 0.029718 0.098039
0 0.060968 0.601103 0.028186 0.095180
0 0.617188 0.482843 0.040748 0.064542
0 0.576746 0.481618 0.038297 0.067810
0 0.536152 0.480188 0.037377 0.067402
0 0.093597 0.597018 0.034007 0.105801
0 0.700214 0.476920 0.043199 0.086193
0 0.163297 0.593750 0.030025 0.099265
0 0.193781 0.592320 0.029718 0.100490
0 0.226409 0.592729 0.033701 0.103758
0 0.257506 0.592116 0.025429 0.100082
0 0.309743 0.613562 0.074142 0.068627
0 0.371324 0.613971 0.042279 0.069444
0 0.129136 0.595997 0.036458 0.103758
0 0.490962 0.615400 0.040748 0.064951
0 0.496477 0.477533 0.033395 0.062092
0 0.496324 0.429943 0.039828 0.028186
0 0.013940 0.760621 0.027880 0.123366
0 0.967371 0.579861 0.064645 0.073121
0 0.893076 0.561479 0.025735 0.066585
0 0.433211 0.622958 0.072304 0.067810
0 0.848039 0.564542 0.058824 0.102124
0 0.657169 0.474877 0.037990 0.084559
0 0.534620 0.617034 0.043505 0.067402
0 0.640165 0.623570 0.032782 0.056781
0 0.668199 0.597631 0.020221 0.096405
0 0.790288 0.563113 0.055453 0.103350
0 0.737439 0.570057 0.045956 0.095180
0 0.698223 0.591095 0.030637 0.108660