0 0.275521 0.811133 0.091667 0.041016
0 0.369271 0.809180 0.093750 0.039453
0 0.146354 0.511914 0.081250 0.048047
0 0.051042 0.512695 0.102083 0.054297
0 0.061979 0.566406 0.091667 0.050000
0 0.050521 0.913672 0.093750 0.044531
0 0.141927 0.912891 0.089063 0.046094
0 0.357292 0.765234 0.096875 0.044531
0 0.058854 0.960742 0.102083 0.046484
0 0.151302 0.958984 0.080729 0.042188
0 0.241146 0.936719 0.094792 0.035156
0 0.241146 0.973047 0.096875 0.038281
0 0.151302 0.565625 0.089063 0.049219
0 0.261719 0.761914 0.092188 0.041797
0 0.920052 0.904687 0.096354 0.044531
0 0.086198 0.811523 0.092188 0.044922
0 0.164323 0.763867 0.095312 0.045703
0 0.826042 0.906055 0.092708 0.041016
0 0.729948 0.907813 0.097396 0.042188
0 0.909115 0.946875 0.090104 0.040625
0 0.816927 0.949023 0.094271 0.041016
0 0.627604 0.944141 0.090625 0.041406
0 0.628125 0.900977 0.093750 0.044922
0 0.529167 0.961523 0.091667 0.043359
0 0.531510 0.908398 0.097396 0.063672
0 0.434375 0.958789 0.093750 0.042578
0 0.435417 0.904297 0.091667 0.066406
0 0.337500 0.963672 0.095833 0.039062
0 0.338021 0.913086 0.096875 0.060547
0 0.181510 0.813477 0.093229 0.042578
0 0.721875 0.950000 0.093750 0.040625
0 0.553125 0.684961 0.096875 0.045703
0 0.467708 0.766211 0.100000 0.043359
0 0.691667 0.262695 0.092708 0.037109
0 0.253646 0.307617 0.100000 0.052734
0 0.148698 0.307227 0.109896 0.051953
0 0.136979 0.255273 0.113542 0.051953
0 0.047917 0.307812 0.091667 0.053125
0 0.038542 0.253320 0.077083 0.052734
0 0.054948 0.389453 0.102604 0.047656
0 0.157552 0.390820 0.102604 0.050391
0 0.270313 0.389258 0.095833 0.050391
0 0.377865 0.389062 0.107813 0.050781
0 0.483594 0.386523 0.098437 0.048047
0 0.581510 0.385352 0.098437 0.048828
0 0.680208 0.387109 0.101042 0.049219
0 0.676823 0.436914 0.098437 0.048047
0 0.579167 0.436914 0.097917 0.049609
0 0.481250 0.437109 0.096875 0.051562
0 0.377083 0.440234 0.109375 0.049219
0 0.271094 0.439258 0.101562 0.048047
0 0.167187 0.441602 0.101042 0.048047
0 0.568229 0.252734 0.101042 0.053906
0 0.463021 0.251172 0.106250 0.058594
0 0.356510 0.252148 0.101562 0.055078
0 0.358333 0.307227 0.103125 0.051953
0 0.465625 0.810742 0.096875 0.043359
0 0.078906 0.053906 0.157812 0.098437
0 0.079427 0.151953 0.158854 0.092969
0 0.272396 0.150781 0.218750 0.089063
0 0.270313 0.059766 0.221875 0.091406
0 0.453125 0.155273 0.143750 0.083984
0 0.451823 0.067773 0.144271 0.091016
0 0.595313 0.070703 0.138542 0.087500
0 0.594010 0.154102 0.141146 0.082422
0 0.063021 0.440039 0.102083 0.046484
0 0.736458 0.075781 0.137500 0.083594
0 0.873437 0.158594 0.132292 0.078906
0 0.958333 0.256250 0.082292 0.053906
0 0.870573 0.258594 0.093229 0.051562
0 0.958073 0.307227 0.082812 0.048828
0 0.865365 0.307617 0.100521 0.047266
0 0.767188 0.307617 0.096875 0.050391
0 0.667188 0.306836 0.105208 0.052734
0 0.562760 0.307617 0.101562 0.052734
0 0.460938 0.307227 0.102083 0.051953
0 0.880729 0.075586 0.151042 0.084766
0 0.962760 0.436523 0.072396 0.050391
0 0.734375 0.156641 0.139583 0.077344
0 0.777604 0.437109 0.104167 0.051562
0 0.865104 0.631836 0.096875 0.044922
0 0.764062 0.623633 0.098958 0.039453
0 0.648177 0.636914 0.094271 0.050391
0 0.552604 0.636133 0.097917 0.051953
0 0.456771 0.635938 0.093750 0.051562
0 0.360417 0.637305 0.093750 0.046484
0 0.265365 0.638867 0.097396 0.048047
0 0.169271 0.689453 0.097917 0.039844
0 0.070573 0.690625 0.094271 0.042188
0 0.956771 0.628516 0.085417 0.046094
0 0.067969 0.643945 0.100521 0.048828
0 0.962240 0.754492 0.074479 0.047266
0 0.876302 0.755469 0.090104 0.044531
0 0.781250 0.755469 0.096875 0.042969
0 0.873177 0.800781 0.096354 0.042188
0 0.779427 0.799805 0.091146 0.042578
0 0.687500 0.800195 0.092708 0.041016
0 0.563021 0.805859 0.092708 0.042969
0 0.877344 0.436719 0.096354 0.050000
0 0.565625 0.761328 0.091667 0.042188
0 0.166927 0.644141 0.097396 0.050000
0 0.266406 0.685937 0.098437 0.043750
0 0.960677 0.798438 0.077604 0.040625
0 0.458854 0.685352 0.093750 0.044922
0 0.364323 0.685742 0.095312 0.044141
0 0.938802 0.561133 0.099479 0.045703
0 0.835677 0.561719 0.102604 0.047656
0 0.878125 0.384766 0.091667 0.048438
0 0.636198 0.559961 0.097396 0.048047
0 0.541146 0.560156 0.091667 0.046875
0 0.445052 0.561719 0.096354 0.044531
0 0.342708 0.564844 0.093750 0.046875
0 0.246354 0.562695 0.098958 0.048047
0 0.735417 0.561133 0.098958 0.046484
0 0.339323 0.513281 0.099479 0.050781
0 0.546094 0.510938 0.097396 0.048438
0 0.738802 0.513086 0.100521 0.047266
0 0.841406 0.512305 0.104688 0.046484
0 0.933073 0.677930 0.095312 0.047266
0 0.836198 0.676953 0.097396 0.050000
0 0.743229 0.668555 0.083333 0.046484
0 0.648958 0.684180 0.092708 0.043359
0 0.238802 0.514648 0.098437 0.047266
0 0.782552 0.385937 0.097396 0.047656