0 0.067308 0.668750 0.042308 0.076923
0 0.022650 0.671514 0.041026 0.076683
0 0.026068 0.770793 0.037607 0.060817
0 0.074786 0.767308 0.047009 0.056250
0 0.198932 0.743750 0.082479 0.043750
0 0.310684 0.756010 0.070085 0.071635
0 0.377564 0.755649 0.063675 0.071875
0 0.462607 0.758413 0.064530 0.039423
0 0.535897 0.772716 0.075214 0.039663
0 0.618162 0.730529 0.075641 0.028846
0 0.617521 0.766827 0.078632 0.039904
0 0.386538 0.680409 0.071368 0.039183
0 0.312607 0.685697 0.064530 0.028125
0 0.233120 0.645673 0.079915 0.014423
0 0.235256 0.679808 0.074786 0.029808
0 0.131197 0.686659 0.078632 0.032933
0 0.154274 0.646875 0.063248 0.019712
0 0.698932 0.767308 0.076496 0.037019
0 0.776282 0.745313 0.031197 0.055048
0 0.888675 0.771635 0.106410 0.033654
0 0.481410 0.684615 0.082479 0.034615
0 0.491453 0.585577 0.038462 0.061058
0 0.451709 0.584014 0.038462 0.062260
0 0.773291 0.502043 0.086752 0.039663
0 0.575000 0.582692 0.038034 0.062981
0 0.357265 0.498918 0.036752 0.053606
0 0.304701 0.491466 0.053846 0.077163
0 0.249573 0.492188 0.053846 0.075721
0 0.198077 0.500721 0.044017 0.063942
0 0.103846 0.470913 0.085470 0.038462
0 0.109615 0.510577 0.085897 0.036058
0 0.533761 0.585096 0.040171 0.060577
0 0.613889 0.565144 0.037179 0.051923
0 0.055556 0.568990 0.031624 0.070673
0 0.174573 0.590986 0.047436 0.061298
0 0.219872 0.587260 0.036325 0.062500
0 0.265812 0.587620 0.052137 0.059375
0 0.344444 0.558053 0.024786 0.027163
0 0.359829 0.588942 0.041880 0.020192
0 0.404487 0.587861 0.040598 0.019952
0 0.364103 0.608894 0.038462 0.018269
0 0.407906 0.607091 0.042308 0.017548
0 0.108974 0.603726 0.069231 0.034856
0 0.656197 0.567548 0.042308 0.055769
0 0.700214 0.577644 0.038034 0.070192
0 0.745513 0.581250 0.043162 0.062019
0 0.654701 0.681250 0.087179 0.036058
0 0.566667 0.646875 0.098291 0.027404
0 0.566026 0.683173 0.081624 0.034135
0 0.470085 0.649639 0.088034 0.032933
0 0.879274 0.673798 0.091026 0.049519
0 0.962821 0.677644 0.041880 0.075962
0 0.936752 0.578606 0.039316 0.064423
0 0.900000 0.590986 0.026496 0.044952
0 0.870940 0.590505 0.026496 0.046394
0 0.840812 0.583654 0.031197 0.057212
0 0.808974 0.583534 0.025641 0.057452
0 0.402137 0.502885 0.046154 0.046635
0 0.450000 0.501202 0.045299 0.049038
0 0.498291 0.499399 0.045299 0.050240
0 0.545085 0.497716 0.045726 0.052163
0 0.617308 0.496394 0.043162 0.057692
0 0.657906 0.492188 0.035470 0.062740
0 0.701282 0.493149 0.047009 0.059375
0 0.780983 0.574399 0.025214 0.056971
0 0.848077 0.490024 0.057692 0.063702
0 0.019231 0.571394 0.038462 0.071154
0 0.748932 0.681250 0.095299 0.035577
0 0.657906 0.298197 0.035470 0.061298
0 0.190385 0.298678 0.042308 0.078125
0 0.235470 0.304207 0.042735 0.065144
0 0.279915 0.309856 0.041880 0.055288
0 0.381838 0.302764 0.043162 0.065144
0 0.431197 0.301683 0.048718 0.064423
0 0.483120 0.301563 0.048291 0.065144
0 0.526496 0.300361 0.035897 0.062740
0 0.568376 0.292187 0.041880 0.077644
0 0.613675 0.298798 0.045299 0.065385
0 0.039530 0.201082 0.055983 0.067548
0 0.089530 0.196514 0.038889 0.072837
0 0.125427 0.197957 0.027778 0.071394
0 0.665812 0.645553 0.083761 0.032933
0 0.154274 0.201082 0.026496 0.065144
0 0.188675 0.200240 0.038889 0.065385
0 0.316239 0.220913 0.090598 0.017788
0 0.386111 0.193990 0.044872 0.066827
0 0.698932 0.297476 0.042308 0.062740
0 0.750000 0.291947 0.053846 0.069952
0 0.807051 0.295913 0.050855 0.056731
0 0.864316 0.294231 0.051709 0.058654
0 0.923291 0.289183 0.052564 0.067308
0 0.909829 0.179447 0.053846 0.061298
0 0.153632 0.310577 0.029487 0.059615
0 0.859615 0.180409 0.042308 0.062740
0 0.772863 0.180769 0.050855 0.070192
0 0.706624 0.191947 0.050855 0.054087
0 0.656410 0.189183 0.041026 0.060577
0 0.595299 0.186659 0.051282 0.068990
0 0.493162 0.192909 0.055556 0.064183
0 0.436325 0.193630 0.050427 0.063221
0 0.818376 0.181490 0.030769 0.066346
0 0.107051 0.307692 0.058547 0.064904
0 0.333120 0.303726 0.050000 0.064183
0 0.046581 0.323798 0.050427 0.031250
0 0.692735 0.388702 0.051282 0.027404
0 0.040598 0.291106 0.043590 0.031250
0 0.690812 0.416827 0.046581 0.025962
0 0.746581 0.413341 0.049573 0.025240
0 0.789957 0.401562 0.034615 0.050721
0 0.824145 0.399519 0.030342 0.050962
0 0.641026 0.390144 0.046154 0.027885
0 0.858333 0.396034 0.032051 0.055529
0 0.901709 0.410817 0.047863 0.026923
0 0.966239 0.392188 0.063248 0.050721
0 0.959188 0.442188 0.053419 0.042067
0 0.953419 0.491947 0.042735 0.049279
0 0.988034 0.511899 0.023077 0.065144
0 0.907906 0.499279 0.040598 0.039423
0 0.900427 0.383293 0.045299 0.026683
0 0.601496 0.403125 0.031197 0.053846
0 0.642949 0.417067 0.046581 0.025962
0 0.519231 0.405529 0.032479 0.051442
0 0.072650 0.401322 0.042735 0.075721
0 0.124786 0.396514 0.058120 0.079087
0 0.560684 0.418029 0.046154 0.025000
0 0.177991 0.408293 0.031197 0.053606
0 0.213675 0.407091 0.034188 0.054567
0 0.315598 0.399519 0.024359 0.060096
0 0.259402 0.399519 0.047863 0.070673
0 0.393590 0.407933 0.033333 0.050962
0 0.442094 0.367788 0.057692 0.024519
0 0.440812 0.393389 0.055128 0.023798
0 0.440598 0.420192 0.055556 0.025962
0 0.486966 0.401202 0.029487 0.062019
0 0.352564 0.396995 0.043590 0.072356
0 0.018162 0.387740 0.036325 0.067788