0 0.735873 0.502885 0.059075 0.018269
0 0.735231 0.528486 0.051798 0.027644
0 0.679795 0.528005 0.057363 0.029567
0 0.808219 0.467548 0.067637 0.021154
0 0.805223 0.538582 0.065925 0.023317
0 0.879281 0.538822 0.078767 0.015625
0 0.972175 0.514183 0.041096 0.062981
0 0.864512 0.505168 0.062072 0.016587
0 0.948202 0.493870 0.030822 0.239663
0 0.887842 0.448077 0.079623 0.021635
0 0.810146 0.447115 0.086045 0.024519
0 0.679152 0.504687 0.054366 0.021875
0 0.875856 0.522115 0.072774 0.014904
0 0.561858 0.527284 0.057791 0.033894
0 0.406892 0.528726 0.038955 0.032933
0 0.625000 0.503125 0.041952 0.015865
0 0.576199 0.503486 0.067637 0.015144
0 0.504923 0.531971 0.056935 0.026923
0 0.504923 0.503365 0.060360 0.024038
0 0.457620 0.515264 0.031678 0.048317
0 0.359803 0.523077 0.046661 0.041346
0 0.306721 0.532452 0.074914 0.020673
0 0.222389 0.532452 0.062928 0.020673
0 0.224529 0.512740 0.068065 0.015865
0 0.148545 0.526322 0.070205 0.028125
0 0.083476 0.534856 0.056507 0.030769
0 0.026755 0.530168 0.051798 0.028125
0 0.028896 0.558774 0.049229 0.027644
0 0.884204 0.469231 0.070634 0.017308
0 0.621789 0.527764 0.047517 0.031010
0 0.733733 0.470072 0.072774 0.013702
0 0.608519 0.754087 0.056079 0.036538
0 0.565283 0.467067 0.072346 0.017788
0 0.877783 0.617909 0.056079 0.021875
0 0.705908 0.386659 0.033390 0.053606
0 0.670805 0.387500 0.033390 0.043269
0 0.634846 0.389663 0.035959 0.044712
0 0.596318 0.385216 0.041952 0.050721
0 0.556935 0.379447 0.032534 0.056971
0 0.530608 0.381611 0.024401 0.053125
0 0.462543 0.379447 0.045805 0.051683
0 0.393836 0.399038 0.070205 0.021635
0 0.327697 0.381130 0.082620 0.015144
0 0.316995 0.398798 0.074058 0.018750
0 0.233947 0.394111 0.065497 0.022356
0 0.153253 0.394832 0.078767 0.023317
0 0.064854 0.421635 0.063784 0.029808
0 0.026327 0.487981 0.052654 0.038942
0 0.079409 0.490505 0.050942 0.032452
0 0.145120 0.431130 0.077055 0.012260
0 0.143622 0.445913 0.078339 0.017308
0 0.143408 0.464904 0.076199 0.018750
0 0.236301 0.440505 0.074486 0.018510
0 0.218750 0.461899 0.065925 0.024760
0 0.285317 0.467788 0.062928 0.019231
0 0.297303 0.448197 0.051798 0.014183
0 0.358091 0.448077 0.078339 0.020192
0 0.352740 0.466587 0.069349 0.017788
0 0.427868 0.465385 0.071490 0.024038
0 0.488228 0.429447 0.073202 0.013221
0 0.490582 0.449038 0.053938 0.023077
0 0.497860 0.469111 0.071918 0.015144
0 0.667594 0.469832 0.060360 0.016106
0 0.879495 0.593389 0.052654 0.024760
0 0.460188 0.746755 0.032534 0.021875
0 0.813784 0.590385 0.061644 0.023558
0 0.780608 0.675000 0.056079 0.047596
0 0.728596 0.671034 0.030822 0.031490
0 0.682149 0.689183 0.043236 0.022115
0 0.635274 0.665745 0.041096 0.034375
0 0.590967 0.674519 0.039812 0.032692
0 0.528039 0.665625 0.041524 0.029808
0 0.507491 0.687620 0.061216 0.009375
0 0.486515 0.665505 0.027825 0.032452
0 0.453339 0.664543 0.040240 0.034375
0 0.408176 0.671755 0.046661 0.031490
0 0.361943 0.671034 0.042380 0.034856
0 0.301798 0.672115 0.047945 0.033654
0 0.259846 0.671034 0.038527 0.034856
0 0.845890 0.673918 0.041952 0.028125
0 0.203553 0.666587 0.056935 0.035577
0 0.030608 0.675000 0.034675 0.028846
0 0.968322 0.733413 0.037671 0.041827
0 0.926798 0.743870 0.046233 0.040625
0 0.880779 0.758534 0.032962 0.037740
0 0.846318 0.754447 0.029966 0.034856
0 0.809717 0.756130 0.039812 0.038702
0 0.772260 0.753846 0.035103 0.040385
0 0.714469 0.758774 0.050514 0.038221
0 0.664170 0.752284 0.046661 0.038221
0 0.266909 0.724279 0.048373 0.033654
0 0.604238 0.720192 0.044949 0.025000
0 0.733733 0.384495 0.023973 0.056490
0 0.394906 0.728966 0.046661 0.028606
0 0.155822 0.665625 0.040240 0.038942
0 0.921447 0.674279 0.057791 0.046154
0 0.015197 0.626082 0.017551 0.033413
0 0.038955 0.626563 0.029966 0.034375
0 0.768836 0.591707 0.050514 0.030529
0 0.760916 0.618269 0.064640 0.021635
0 0.707834 0.617909 0.055223 0.021875
0 0.708476 0.594952 0.056507 0.022596
0 0.711473 0.569952 0.048801 0.022115
0 0.655608 0.566587 0.059503 0.016827
0 0.657106 0.588702 0.059932 0.026442
0 0.658604 0.613942 0.056935 0.025000
0 0.566353 0.602043 0.038527 0.009856
0 0.601241 0.596635 0.029538 0.023558
0 0.559289 0.583053 0.042380 0.020913
0 0.515839 0.611298 0.065068 0.013942
0 0.511986 0.586058 0.039384 0.019712
0 0.407320 0.572236 0.033818 0.026683
0 0.457192 0.571995 0.047945 0.028125
0 0.456336 0.603005 0.050514 0.032452
0 0.409889 0.606611 0.040668 0.023798
0 0.349101 0.620553 0.068065 0.011779
0 0.279110 0.617668 0.085616 0.014183
0 0.278039 0.600240 0.074058 0.018269
0 0.352312 0.599760 0.070205 0.020192
0 0.337757 0.579567 0.084760 0.015385
0 0.262414 0.579688 0.065925 0.014183
0 0.215111 0.598317 0.062928 0.017308
0 0.208048 0.615385 0.058219 0.012019
0 0.146618 0.599038 0.065497 0.013942
0 0.143622 0.618870 0.063784 0.018990
0 0.087971 0.627524 0.018408 0.032452
0 0.066567 0.626563 0.023545 0.034375
0 0.818707 0.616226 0.051798 0.028606
0 0.761344 0.383774 0.030394 0.055048
0 0.199914 0.119712 0.064212 0.018269
0 0.855094 0.375721 0.091182 0.063462
0 0.399187 0.800481 0.040668 0.021154
0 0.314212 0.796394 0.041096 0.019231
0 0.274829 0.798798 0.045377 0.022596
0 0.229024 0.800721 0.041096 0.017788
0 0.188142 0.809135 0.048373 0.021154
0 0.069135 0.732572 0.042380 0.050240
0 0.143622 0.761899 0.059503 0.024279
0 0.203339 0.763822 0.053082 0.023798
0 0.251712 0.758654 0.035103 0.025481
0 0.293236 0.756971 0.047945 0.022596
0 0.340111 0.760216 0.042380 0.030048
0 0.384632 0.758173 0.043236 0.027404
0 0.138699 0.737260 0.058219 0.025000
0 0.440925 0.797837 0.041096 0.016346
0 0.201199 0.736779 0.065925 0.020192
0 0.404110 0.102404 0.038527 0.023077
0 0.360017 0.102163 0.050514 0.021635
0 0.312500 0.100481 0.042808 0.024038
0 0.318707 0.073678 0.039812 0.029567
0 0.359161 0.077885 0.047089 0.025481
0 0.402397 0.079207 0.039384 0.028125
0 0.447560 0.081490 0.045805 0.020673
0 0.446918 0.057452 0.040240 0.024038
0 0.400685 0.056731 0.053938 0.024038
0 0.354880 0.053486 0.044521 0.031010
0 0.310788 0.048798 0.039384 0.022596
0 0.261344 0.069952 0.062928 0.019712
0 0.199272 0.066346 0.061216 0.026923
0 0.455693 0.104928 0.041524 0.018510
0 0.479452 0.796514 0.038527 0.018029
0 0.519692 0.803606 0.036815 0.021635
0 0.559717 0.806370 0.044092 0.025721
0 0.018622 0.815625 0.028682 0.068750
0 0.056721 0.815745 0.039812 0.071394
0 0.137628 0.812500 0.043236 0.020673
0 0.136558 0.832692 0.046233 0.019231
0 0.182363 0.829327 0.041096 0.024519
0 0.225171 0.831490 0.043664 0.026442
0 0.274187 0.828846 0.040668 0.014904
0 0.315925 0.822356 0.036815 0.015865
0 0.357021 0.824399 0.040240 0.018990
0 0.400471 0.824760 0.044092 0.023077
0 0.439640 0.824880 0.030822 0.022837
0 0.475599 0.826923 0.036815 0.027885
0 0.519692 0.835577 0.041952 0.019231
0 0.564212 0.836659 0.047945 0.019952
0 0.609589 0.836899 0.041952 0.016587
0 0.656036 0.835216 0.034675 0.021875
0 0.696704 0.835216 0.038099 0.021875
0 0.738014 0.835697 0.045377 0.022837
0 0.785103 0.834615 0.038527 0.030288
0 0.821062 0.828245 0.041096 0.016587
0 0.881207 0.830769 0.051798 0.030769
0 0.920163 0.825841 0.024401 0.043510
0 0.957620 0.822837 0.042808 0.028846
0 0.820848 0.800721 0.047517 0.020192
0 0.776969 0.799519 0.042808 0.016827
0 0.731807 0.804327 0.040668 0.022596
0 0.692423 0.802163 0.040668 0.017308
0 0.650043 0.802163 0.042380 0.017308
0 0.608733 0.796995 0.047089 0.014183
0 0.138699 0.068149 0.053938 0.028606
0 0.140411 0.096755 0.053082 0.031490
0 0.013913 0.090505 0.023545 0.027163
0 0.015197 0.115505 0.026113 0.019471
0 0.880351 0.095793 0.042380 0.029567
0 0.930651 0.105409 0.067637 0.022837
0 0.928510 0.129447 0.064212 0.026202
0 0.981807 0.124880 0.035531 0.033413
0 0.024401 0.334255 0.047089 0.065625
0 0.071704 0.337260 0.049229 0.060096
0 0.124144 0.286418 0.031678 0.058413
0 0.144050 0.285216 0.018408 0.054567
0 0.171875 0.285697 0.023545 0.055048
0 0.193279 0.287620 0.020120 0.052163
0 0.217466 0.289423 0.029110 0.057692
0 0.246789 0.292428 0.026969 0.051683
0 0.272474 0.282692 0.023545 0.065865
0 0.301370 0.281971 0.031678 0.067788
0 0.334546 0.284736 0.031250 0.071875
0 0.368579 0.287861 0.037671 0.064663
0 0.402825 0.287139 0.034247 0.066587
0 0.437072 0.286058 0.035959 0.068269
0 0.468536 0.292548 0.029538 0.055769
0 0.495933 0.292308 0.026969 0.056250
0 0.524401 0.294952 0.026541 0.050962
0 0.554366 0.296875 0.033390 0.045673
0 0.614298 0.294471 0.031678 0.051923
0 0.650043 0.290385 0.038955 0.062500
0 0.711901 0.289663 0.085616 0.062019
0 0.784033 0.293029 0.055223 0.055288
0 0.891695 0.285697 0.080479 0.074760
0 0.950342 0.308894 0.015411 0.033173
0 0.976027 0.308173 0.034247 0.034615
0 0.835188 0.093149 0.048801 0.037260
0 0.790026 0.381370 0.027825 0.057933
0 0.784889 0.085337 0.053510 0.020673
0 0.785531 0.131130 0.052226 0.011779
0 0.073202 0.116466 0.059075 0.016587
0 0.135916 0.117668 0.064640 0.019952
0 0.354024 0.727043 0.035103 0.029087
0 0.261772 0.118630 0.058647 0.018029
0 0.314212 0.120913 0.045377 0.015865
0 0.358733 0.121154 0.043664 0.018269
0 0.402825 0.121274 0.047089 0.019471
0 0.453339 0.121394 0.051370 0.020192
0 0.878425 0.126322 0.041952 0.030048
0 0.833690 0.127163 0.044949 0.028846
0 0.500000 0.124038 0.046233 0.019712
0 0.500000 0.104928 0.045377 0.018029
0 0.494649 0.085096 0.052654 0.022596
0 0.492937 0.055769 0.050086 0.027885
0 0.545163 0.081611 0.051798 0.016106
0 0.546019 0.101923 0.050942 0.024519
0 0.545591 0.124279 0.050942 0.019231
0 0.596961 0.123798 0.053510 0.019231
0 0.598245 0.102644 0.054366 0.023558
0 0.596961 0.075841 0.053510 0.023798
0 0.654538 0.086178 0.042808 0.018990
0 0.649401 0.108654 0.047089 0.023558
0 0.646832 0.129207 0.041096 0.016587
0 0.692851 0.127644 0.048373 0.017308
0 0.693921 0.106851 0.048801 0.024279
0 0.698844 0.082812 0.050942 0.025721
0 0.745291 0.083774 0.036815 0.021875
0 0.741652 0.106130 0.044092 0.023798
0 0.741010 0.127885 0.040240 0.018750
0 0.785531 0.110216 0.048801 0.029087
0 0.313142 0.723077 0.044092 0.037981