0 0.869178 0.544712 0.050143 0.027244
0 0.779111 0.538622 0.103850 0.029808
0 0.774002 0.578846 0.098384 0.036538
0 0.773764 0.639263 0.093156 0.074038
0 0.682153 0.647436 0.061074 0.057692
0 0.689876 0.525641 0.071293 0.066026
0 0.688569 0.589103 0.073907 0.058974
0 0.615494 0.528205 0.071768 0.058974
0 0.615375 0.587500 0.069154 0.052564
0 0.616801 0.645032 0.069629 0.057372
0 0.548954 0.638622 0.064639 0.065705
0 0.539092 0.505449 0.058222 0.029487
0 0.547291 0.566506 0.056084 0.079808
0 0.474097 0.528526 0.073194 0.062821
0 0.476711 0.584135 0.077947 0.049679
0 0.481583 0.639263 0.068679 0.059295
0 0.162904 0.543269 0.089116 0.080769
0 0.256060 0.532532 0.082462 0.078526
0 0.232771 0.627244 0.084838 0.083333
0 0.147695 0.630929 0.081511 0.081090
0 0.334125 0.641186 0.115970 0.058013
0 0.366326 0.586378 0.042538 0.040705
0 0.058460 0.628686 0.090304 0.071474
0 0.367871 0.534135 0.058460 0.047115
0 0.409221 0.625321 0.030894 0.058974
0 0.435124 0.641827 0.022814 0.054167
0 0.079373 0.552564 0.066065 0.069872
0 0.875000 0.640705 0.103612 0.071154
0 0.710195 0.737179 0.076759 0.053205
0 0.962571 0.569712 0.074382 0.061859
0 0.298836 0.798878 0.050143 0.035577
0 0.346245 0.799519 0.045152 0.036218
0 0.393774 0.797276 0.048004 0.040705
0 0.442966 0.800160 0.046578 0.034936
0 0.290875 0.854006 0.047529 0.071474
0 0.340898 0.853205 0.050618 0.063462
0 0.393655 0.850801 0.052994 0.063141
0 0.447362 0.852564 0.054420 0.064744
0 0.529824 0.849679 0.108603 0.073077
0 0.526260 0.770192 0.110029 0.085256
0 0.625713 0.749679 0.083175 0.064103
0 0.641160 0.844231 0.106939 0.085897
0 0.744534 0.833333 0.087928 0.088462
0 0.965304 0.641667 0.068916 0.069231
0 0.023527 0.551603 0.047053 0.074359
0 0.600166 0.941186 0.078184 0.033654
0 0.692728 0.935256 0.075095 0.019231
0 0.515209 0.965385 0.093156 0.066667
0 0.444748 0.942949 0.047766 0.042308
0 0.338047 0.976763 0.047766 0.026603
0 0.392229 0.983654 0.043964 0.027564
0 0.264021 0.957853 0.076521 0.070192
0 0.109316 0.960737 0.086977 0.074038
0 0.030418 0.957853 0.060837 0.067628
0 0.114425 0.845994 0.094819 0.075321
0 0.031963 0.836538 0.063926 0.087179
0 0.059054 0.728365 0.081036 0.056731
0 0.959007 0.510417 0.081511 0.046474
0 0.820342 0.781891 0.049430 0.116987
0 0.018536 0.370513 0.037072 0.042949
0 0.545152 0.346635 0.050380 0.071474
0 0.076283 0.366186 0.063688 0.032372
0 0.817015 0.225481 0.083650 0.069551
0 0.816421 0.146635 0.082462 0.081090
0 0.731583 0.152564 0.083888 0.073718
0 0.733009 0.227885 0.082462 0.071795
0 0.648051 0.229647 0.083650 0.070833
0 0.647814 0.153846 0.079373 0.078205
0 0.566183 0.156891 0.082462 0.075321
0 0.564639 0.230288 0.081749 0.069551
0 0.495366 0.235256 0.055371 0.054487
0 0.439401 0.236699 0.054658 0.054167
0 0.497148 0.175160 0.054658 0.059936
0 0.442253 0.176763 0.054183 0.063782
0 0.388427 0.121314 0.051568 0.042628
0 0.449382 0.113782 0.059411 0.059615
0 0.386407 0.176442 0.052281 0.064423
0 0.383793 0.235897 0.055133 0.053205
0 0.021507 0.212019 0.041112 0.099038
0 0.092918 0.153526 0.079373 0.067308
0 0.081749 0.224519 0.077947 0.068910
0 0.163260 0.225481 0.084601 0.069551
0 0.184411 0.161058 0.087928 0.047115
0 0.181915 0.120353 0.075808 0.034936
0 0.261526 0.126122 0.043489 0.040064
0 0.323313 0.144551 0.068679 0.089744
0 0.319748 0.227404 0.071530 0.068269
0 0.245841 0.221795 0.075333 0.073718
0 0.162666 0.738141 0.099097 0.050641
0 0.894487 0.189103 0.067966 0.134615
0 0.023645 0.432372 0.047291 0.073077
0 0.965779 0.103846 0.067966 0.037179
0 0.978969 0.341667 0.041587 0.081410
0 0.095295 0.428526 0.092205 0.068590
0 0.153874 0.369551 0.087215 0.034615
0 0.175261 0.429327 0.062500 0.062500
0 0.242039 0.428686 0.069629 0.070833
0 0.228018 0.375321 0.055846 0.026282
0 0.288736 0.372917 0.058935 0.026603
0 0.348859 0.369551 0.054183 0.025641
0 0.319035 0.426442 0.085789 0.072756
0 0.444629 0.370032 0.032319 0.041987
0 0.403161 0.370994 0.042063 0.037500
0 0.390090 0.430929 0.052044 0.073397
0 0.441183 0.430449 0.049192 0.074359
0 0.492871 0.432372 0.050380 0.070513
0 0.488593 0.357051 0.050380 0.077564
0 0.546221 0.426282 0.053945 0.087179
0 0.602424 0.345833 0.056084 0.082692
0 0.601592 0.428526 0.055846 0.082692
0 0.655537 0.428686 0.052519 0.080449
0 0.657201 0.347276 0.052994 0.082372
0 0.715067 0.347756 0.057510 0.081410
0 0.711264 0.429968 0.058935 0.078526
0 0.775547 0.346154 0.057747 0.089744
0 0.778398 0.428045 0.059648 0.074038
0 0.838760 0.428526 0.055846 0.075000
0 0.834244 0.349679 0.059648 0.079487
0 0.913260 0.339583 0.087452 0.083654
0 0.917300 0.423878 0.094582 0.083013
0 0.965898 0.192468 0.067728 0.132372
0 0.217799 0.830769 0.097671 0.108333