0 0.133783 0.515012 0.017565 0.062500
0 0.850286 0.474418 0.033905 0.084865
0 0.894404 0.475643 0.040441 0.087316
0 0.928513 0.475031 0.021242 0.090993
0 0.156454 0.514400 0.021242 0.061275
0 0.355596 0.546109 0.023284 0.068934
0 0.196691 0.516085 0.012663 0.057904
0 0.216299 0.515012 0.021650 0.062500
0 0.238154 0.517923 0.015523 0.065257
0 0.257557 0.519914 0.019199 0.063725
0 0.379493 0.547335 0.017974 0.068934
0 0.810458 0.475031 0.030229 0.082414
0 0.177288 0.515625 0.016340 0.063725
0 0.767157 0.473346 0.031863 0.080882
0 0.464665 0.365349 0.026552 0.085478
0 0.697508 0.474112 0.030637 0.078125
0 0.436275 0.367953 0.026961 0.084559
0 0.771650 0.373468 0.036765 0.081495
0 0.733864 0.374081 0.031454 0.082721
0 0.698325 0.376685 0.029003 0.081801
0 0.667484 0.379136 0.028595 0.081189
0 0.634191 0.379136 0.031454 0.078125
0 0.853350 0.371170 0.027778 0.085478
0 0.521446 0.365349 0.028186 0.094056
0 0.193015 0.367341 0.016748 0.063113
0 0.214461 0.365962 0.017974 0.066483
0 0.258374 0.363817 0.024918 0.067708
0 0.344158 0.368566 0.027369 0.082721
0 0.372958 0.369792 0.019608 0.079657
0 0.405025 0.368873 0.029820 0.083333
0 0.492851 0.365349 0.024918 0.085478
0 0.732230 0.474571 0.032271 0.075980
0 0.131332 0.444087 0.020833 0.060968
0 0.174020 0.442249 0.017974 0.063419
0 0.664216 0.474724 0.029412 0.079350
0 0.631740 0.473652 0.029820 0.074142
0 0.536969 0.466146 0.017565 0.087929
0 0.514297 0.464308 0.017974 0.087316
0 0.489175 0.463082 0.025735 0.084865
0 0.459967 0.461550 0.024510 0.084252
0 0.154820 0.443015 0.017974 0.061887
0 0.435049 0.462163 0.021242 0.083027
0 0.378064 0.458487 0.023284 0.078125
0 0.352328 0.459406 0.025735 0.077512
0 0.261642 0.445006 0.015931 0.068934
0 0.241422 0.444700 0.017974 0.068321
0 0.217525 0.443627 0.020016 0.066176
0 0.196078 0.442096 0.019608 0.065564
0 0.406250 0.460478 0.029003 0.082721
0 0.813113 0.373775 0.036356 0.084559
0 0.726307 0.667126 0.035948 0.080576
0 0.434641 0.551011 0.023693 0.067708
0 0.264093 0.766085 0.013480 0.041973
0 0.245507 0.763021 0.018791 0.045037
0 0.225899 0.758119 0.017974 0.046262
0 0.207721 0.753676 0.015931 0.045956
0 0.184436 0.746477 0.025735 0.046875
0 0.120507 0.736060 0.014706 0.059743
0 0.911560 0.788603 0.023284 0.085172
0 0.878881 0.785539 0.036356 0.083946
0 0.837827 0.777727 0.035131 0.083027
0 0.801675 0.773284 0.031454 0.088235
0 0.758987 0.770527 0.031046 0.068627
0 0.723652 0.761336 0.025735 0.075980
0 0.693627 0.756434 0.031046 0.074755
0 0.658292 0.750766 0.033905 0.080576
0 0.625408 0.746783 0.028595 0.075674
0 0.538194 0.722886 0.020016 0.053615
0 0.504698 0.722580 0.025735 0.064645
0 0.337214 0.782169 0.020833 0.063113
0 0.359886 0.786612 0.017157 0.057292
0 0.384191 0.793199 0.023284 0.061887
0 0.413399 0.800245 0.024510 0.064338
0 0.136846 0.741115 0.014706 0.017770
0 0.158497 0.753676 0.017157 0.017157
0 0.927492 0.367188 0.029820 0.094669
0 0.011234 0.433058 0.019199 0.056066
0 0.018587 0.509498 0.026552 0.050858
0 0.016544 0.570159 0.026552 0.056985
0 0.021038 0.636795 0.022467 0.051777
0 0.023489 0.710784 0.024918 0.067402
0 0.477941 0.720282 0.022059 0.066176
0 0.908292 0.895527 0.014297 0.091299
0 0.831495 0.874387 0.039624 0.083946
0 0.787786 0.868873 0.036356 0.083333
0 0.702410 0.856771 0.041258 0.090993
0 0.626430 0.842984 0.040441 0.083640
0 0.534518 0.821232 0.027369 0.074449
0 0.493056 0.817555 0.029412 0.067096
0 0.465686 0.810202 0.020425 0.064645
0 0.440155 0.803922 0.023284 0.063113
0 0.877042 0.883885 0.044118 0.087623
0 0.453431 0.712776 0.022876 0.059743
0 0.425858 0.713695 0.026552 0.064032
0 0.398693 0.710938 0.017157 0.068321
0 0.376225 0.626225 0.022059 0.071078
0 0.351103 0.625460 0.023284 0.069547
0 0.261642 0.604626 0.027369 0.062806
0 0.224060 0.600797 0.017565 0.063113
0 0.200368 0.597273 0.020016 0.059130
0 0.168505 0.590686 0.025735 0.063725
0 0.134804 0.586550 0.022876 0.060968
0 0.902574 0.580270 0.045343 0.085784
0 0.402982 0.628676 0.022467 0.067402
0 0.853758 0.579197 0.036765 0.075674
0 0.772467 0.573070 0.035131 0.083027
0 0.737132 0.570619 0.033088 0.080576
0 0.702410 0.567402 0.025735 0.077206
0 0.669118 0.564338 0.036765 0.077206
0 0.633987 0.563725 0.031046 0.078431
0 0.521855 0.557751 0.025735 0.071998
0 0.493056 0.555607 0.025327 0.070772
0 0.464257 0.553309 0.025735 0.072304
0 0.812296 0.573223 0.037990 0.083946
0 0.405842 0.549020 0.020016 0.066176
0 0.430556 0.634804 0.023693 0.073529
0 0.483047 0.641238 0.020833 0.074755
0 0.375613 0.706648 0.020833 0.064645
0 0.351103 0.702972 0.023284 0.065870
0 0.264093 0.691636 0.016748 0.057904
0 0.244894 0.693321 0.017565 0.061275
0 0.221405 0.691789 0.020425 0.060662
0 0.167688 0.670037 0.020016 0.034314
0 0.141340 0.668199 0.021242 0.048407
0 0.117647 0.669118 0.016340 0.058824
0 0.457312 0.636489 0.023284 0.071385
0 0.917075 0.687347 0.020425 0.083640
0 0.841299 0.679534 0.037990 0.085172
0 0.800858 0.676471 0.033905 0.082108
0 0.764093 0.670037 0.033905 0.083333
0 0.174020 0.368873 0.013889 0.063113
0 0.663194 0.659773 0.032271 0.074449
0 0.626634 0.657475 0.027778 0.078431
0 0.537173 0.647365 0.013889 0.078431
0 0.512663 0.641697 0.026961 0.073223
0 0.885825 0.688113 0.038807 0.080270
0 0.154003 0.369792 0.016340 0.063113
0 0.234886 0.366268 0.016340 0.069547
0 0.908905 0.271293 0.035131 0.064032
0 0.395016 0.285999 0.018791 0.050551
0 0.420139 0.283854 0.021650 0.052390
0 0.444853 0.280331 0.021242 0.050858
0 0.246936 0.296722 0.024918 0.049326
0 0.224469 0.299173 0.015114 0.048713
0 0.206291 0.299020 0.013889 0.044730
0 0.188521 0.299786 0.015931 0.046875
0 0.169118 0.303462 0.015523 0.048100
0 0.148284 0.304381 0.016340 0.047488
0 0.128268 0.307598 0.017974 0.053309
0 0.133374 0.369945 0.020833 0.059743
0 0.370915 0.287531 0.019608 0.050551
0 0.343954 0.288756 0.022876 0.053002
0 0.776552 0.282935 0.027778 0.061581
0 0.739175 0.274816 0.029820 0.077206
0 0.701797 0.277574 0.032680 0.076593
0 0.667075 0.282322 0.027778 0.077512
0 0.632966 0.282475 0.024918 0.074755
0 0.524101 0.273591 0.018791 0.051471
0 0.500204 0.277267 0.020833 0.053309
0 0.472631 0.278186 0.026961 0.055147