0 0.121324 0.378676 0.082516 0.019608
0 0.206087 0.397212 0.084559 0.018076
0 0.120098 0.397212 0.088235 0.018076
0 0.958129 0.283241 0.010212 0.070772
0 0.029003 0.395221 0.058007 0.024510
0 0.424837 0.386642 0.037582 0.068015
0 0.274714 0.383578 0.034722 0.082108
0 0.310458 0.384498 0.033497 0.077206
0 0.390931 0.381281 0.023693 0.081189
0 0.347835 0.388174 0.035539 0.077206
0 0.946487 0.282629 0.010621 0.070159
0 0.211193 0.378830 0.073529 0.017463
0 0.922590 0.280331 0.009395 0.069853
0 0.732843 0.283854 0.015523 0.071998
0 0.886438 0.283088 0.009804 0.068627
0 0.108660 0.274663 0.031046 0.073223
0 0.070670 0.279259 0.027778 0.079963
0 0.033497 0.279412 0.042484 0.077819
0 0.988358 0.173866 0.020833 0.075674
0 0.944444 0.176777 0.015523 0.076593
0 0.927492 0.175551 0.015931 0.079044
0 0.879085 0.178922 0.017157 0.078431
0 0.795956 0.175092 0.024918 0.085478
0 0.754493 0.176164 0.021242 0.084559
0 0.712623 0.182445 0.022467 0.078738
0 0.601103 0.178462 0.043709 0.094056
0 0.560458 0.179381 0.034314 0.094056
0 0.149101 0.279105 0.020425 0.077206
0 0.523284 0.180913 0.038399 0.094056
0 0.436479 0.173713 0.032271 0.085172
0 0.397876 0.179688 0.025327 0.082414
0 0.360703 0.183058 0.022876 0.081801
0 0.328023 0.186121 0.026961 0.078125
0 0.287377 0.181832 0.022467 0.084252
0 0.249592 0.182445 0.017974 0.090380
0 0.207516 0.176777 0.020425 0.078431
0 0.180760 0.183977 0.020016 0.069547
0 0.150123 0.175551 0.026552 0.069853
0 0.098039 0.178615 0.022059 0.077819
0 0.058619 0.177237 0.025735 0.072610
0 0.025735 0.180147 0.022876 0.069240
0 0.483456 0.177543 0.037990 0.092831
0 0.913194 0.280790 0.008578 0.068321
0 0.190564 0.274357 0.028186 0.067708
0 0.252451 0.288450 0.027778 0.076900
0 0.875817 0.282322 0.010621 0.068321
0 0.795139 0.285386 0.013480 0.075674
0 0.810253 0.284773 0.018382 0.076900
0 0.771446 0.285233 0.014297 0.074142
0 0.757149 0.286305 0.013480 0.071998
0 0.719567 0.285539 0.011029 0.068627
0 0.694444 0.287377 0.014706 0.067402
0 0.682394 0.287531 0.009395 0.067708
0 0.652369 0.283548 0.015523 0.072610
0 0.636234 0.284926 0.015114 0.069853
0 0.615809 0.279412 0.011846 0.069240
0 0.601103 0.282016 0.014297 0.064032
0 0.222426 0.276501 0.021650 0.074449
0 0.577206 0.284620 0.017157 0.063725
0 0.540033 0.289062 0.010621 0.068934
0 0.530842 0.288143 0.009395 0.071385
0 0.494077 0.287531 0.033905 0.088542
0 0.460172 0.289062 0.013480 0.071385
0 0.449959 0.289522 0.008578 0.071691
0 0.425245 0.288450 0.013072 0.069547
0 0.410335 0.288143 0.015114 0.068934
0 0.378268 0.286458 0.017974 0.073529
0 0.344771 0.289982 0.010621 0.073836
0 0.333742 0.289675 0.010621 0.076900
0 0.291871 0.292586 0.008578 0.074142
0 0.302083 0.291054 0.010212 0.071691
0 0.564338 0.282629 0.010212 0.067708
0 0.462418 0.390012 0.024510 0.074142
0 0.730801 0.480239 0.014706 0.065870
0 0.532475 0.385570 0.029003 0.067096
0 0.297794 0.713388 0.020425 0.038297
0 0.273693 0.711857 0.019608 0.041973
0 0.106413 0.754749 0.092729 0.016850
0 0.215891 0.700521 0.030637 0.067096
0 0.186683 0.695619 0.023693 0.066483
0 0.166462 0.692096 0.020016 0.052696
0 0.111724 0.701134 0.030637 0.063419
0 0.069240 0.689491 0.037173 0.051777
0 0.016748 0.695619 0.023693 0.059743
0 0.898693 0.579350 0.040850 0.068627
0 0.857230 0.580882 0.037173 0.070466
0 0.769812 0.579963 0.038807 0.058824
0 0.319853 0.710018 0.017974 0.040748
0 0.734886 0.581648 0.019608 0.061581
0 0.702614 0.582721 0.017974 0.059436
0 0.687704 0.584252 0.010212 0.057598
0 0.656454 0.580882 0.011438 0.064338
0 0.647263 0.580423 0.008578 0.062194
0 0.637051 0.579963 0.010212 0.061275
0 0.598448 0.597733 0.015523 0.067402
0 0.583946 0.597120 0.014297 0.068627
0 0.570057 0.595435 0.011846 0.065257
0 0.558007 0.597886 0.013072 0.060968
0 0.524918 0.582108 0.029412 0.075368
0 0.483864 0.589461 0.027369 0.067402
0 0.459150 0.588848 0.011438 0.063725
0 0.718137 0.582874 0.011438 0.059130
0 0.345997 0.714614 0.025327 0.040748
0 0.386029 0.714308 0.022876 0.040135
0 0.411969 0.712163 0.022467 0.042586
0 0.502655 0.383732 0.029003 0.062194
0 0.117034 0.508272 0.015931 0.016544
0 0.223856 0.519608 0.058007 0.015319
0 0.220792 0.535999 0.073121 0.013174
0 0.142565 0.524663 0.078431 0.011949
0 0.143587 0.536612 0.076389 0.011949
0 0.072508 0.512714 0.062500 0.019301
0 0.067198 0.534773 0.065768 0.015625
0 0.908088 0.714614 0.062908 0.081189
0 0.851920 0.715839 0.042892 0.079350
0 0.799632 0.715686 0.029003 0.071078
0 0.772263 0.714920 0.018382 0.062806
0 0.746119 0.717065 0.020016 0.069547
0 0.719363 0.713388 0.020425 0.068934
0 0.695874 0.713695 0.023284 0.071998
0 0.651552 0.718597 0.052288 0.070159
0 0.589257 0.652727 0.050245 0.027880
0 0.589257 0.706495 0.053513 0.066789
0 0.553717 0.709865 0.011029 0.061275
0 0.538194 0.709099 0.008578 0.057904
0 0.528799 0.711550 0.008578 0.057904
0 0.518791 0.709099 0.010621 0.060355
0 0.489992 0.711397 0.010212 0.062500
0 0.481413 0.710784 0.008578 0.062500
0 0.471201 0.710325 0.010212 0.057904
0 0.461397 0.712316 0.011029 0.061275
0 0.451797 0.710938 0.012255 0.059130
0 0.447508 0.589461 0.010212 0.063725
0 0.418505 0.589001 0.009395 0.059130
0 0.039011 0.739890 0.050245 0.036152
0 0.360703 0.605239 0.058007 0.090380
0 0.281250 0.489430 0.012663 0.064032
0 0.267157 0.490043 0.013072 0.062806
0 0.209150 0.441942 0.074346 0.016850
0 0.211193 0.461244 0.072712 0.020527
0 0.136438 0.441636 0.071895 0.017463
0 0.135212 0.460325 0.075163 0.019914
0 0.061683 0.442249 0.069444 0.018076
0 0.061887 0.461550 0.066585 0.019914
0 0.953227 0.386795 0.016748 0.068934
0 0.921569 0.382966 0.013889 0.069240
0 0.893178 0.380515 0.013480 0.070466
0 0.881740 0.382353 0.010212 0.065564
0 0.871119 0.382506 0.011029 0.068934
0 0.806577 0.384038 0.014297 0.063419
0 0.794526 0.383425 0.008987 0.065257
0 0.754493 0.385417 0.008987 0.066176
0 0.762051 0.384344 0.009395 0.067096
0 0.724469 0.385723 0.011029 0.067402
0 0.714461 0.382966 0.010621 0.071691
0 0.694853 0.374081 0.008987 0.066789
0 0.683824 0.375306 0.012255 0.065564
0 0.648897 0.383885 0.008578 0.066176
0 0.639706 0.382966 0.008987 0.066789
0 0.612132 0.380821 0.008578 0.067402
0 0.406046 0.589461 0.013072 0.058824
0 0.578431 0.384038 0.013072 0.065870
0 0.566585 0.383732 0.011438 0.068321
0 0.295752 0.491422 0.016340 0.068015
0 0.331291 0.491881 0.014706 0.062194
0 0.602941 0.382506 0.009804 0.069547
0 0.383987 0.479626 0.024510 0.064645
0 0.347222 0.490962 0.015523 0.062806
0 0.243260 0.618413 0.019199 0.061581
0 0.289420 0.603248 0.066585 0.090686
0 0.207925 0.615196 0.014706 0.064338
0 0.176471 0.613511 0.014706 0.058517
0 0.146038 0.615962 0.017565 0.056679
0 0.104779 0.615502 0.020016 0.058211
0 0.071487 0.612286 0.016340 0.056066
0 0.028391 0.619485 0.016748 0.056373
0 0.783905 0.475797 0.013072 0.064951
0 0.744281 0.479473 0.013072 0.063725
0 0.695466 0.478094 0.010212 0.067708
0 0.706087 0.480086 0.009395 0.067402
0 0.770629 0.477328 0.011846 0.061275
0 0.662173 0.477941 0.013072 0.060049
0 0.426266 0.482843 0.025735 0.069853
0 0.630106 0.478094 0.009395 0.062806
0 0.460376 0.479167 0.010621 0.067402
0 0.617647 0.477482 0.015523 0.064032
0 0.584150 0.477635 0.024510 0.064338
0 0.552083 0.475797 0.011029 0.064951
0 0.540033 0.476562 0.012255 0.062194
0 0.499592 0.478860 0.013072 0.066789
0 0.509191 0.478860 0.010212 0.063725
0 0.472426 0.479320 0.009395 0.067708
0 0.674837 0.478707 0.009804 0.064032