0 0.418269 0.316466 0.104487 0.050721
0 0.229968 0.320072 0.054167 0.026683
0 0.298397 0.312740 0.080128 0.044712
0 0.301763 0.263221 0.108654 0.041346
0 0.222276 0.292548 0.047756 0.021635
0 0.151122 0.290264 0.072115 0.019471
0 0.548077 0.320793 0.089103 0.049279
0 0.562500 0.266106 0.057051 0.052404
0 0.639263 0.321034 0.082372 0.042548
0 0.639263 0.267909 0.082372 0.056010
0 0.706731 0.272716 0.044872 0.056010
0 0.710256 0.322837 0.045513 0.038942
0 0.152885 0.317548 0.082051 0.028365
0 0.169391 0.464183 0.079808 0.043269
0 0.256410 0.457332 0.059615 0.058413
0 0.330929 0.467067 0.080449 0.041827
0 0.409776 0.464062 0.071474 0.047837
0 0.330128 0.411659 0.078205 0.063221
0 0.408814 0.409615 0.069551 0.054327
0 0.489103 0.413101 0.080128 0.058894
0 0.484455 0.466827 0.066987 0.038942
0 0.563301 0.470673 0.077885 0.035096
0 0.674038 0.471635 0.136538 0.037019
0 0.569712 0.425841 0.068269 0.043510
0 0.676603 0.428486 0.125641 0.043990
0 0.180449 0.414423 0.085897 0.051923
0 0.582212 0.388221 0.093269 0.023558
0 0.926923 0.133894 0.079487 0.061538
0 0.819391 0.156490 0.091346 0.037019
0 0.198718 0.040986 0.083974 0.043510
0 0.292147 0.038101 0.075962 0.052163
0 0.393269 0.042428 0.108974 0.048798
0 0.485577 0.039183 0.062821 0.042308
0 0.563462 0.041226 0.075000 0.044471
0 0.647756 0.045072 0.087179 0.042548
0 0.737500 0.044351 0.083974 0.045433
0 0.825641 0.046034 0.078205 0.046394
0 0.915224 0.043389 0.075321 0.046394
0 0.979167 0.043750 0.041026 0.045673
0 0.127564 0.189423 0.073718 0.043269
0 0.927083 0.189543 0.057372 0.033894
0 0.131731 0.143149 0.062179 0.039183
0 0.286378 0.184014 0.077885 0.042067
0 0.287821 0.130889 0.073718 0.060337
0 0.377564 0.186418 0.092949 0.044471
0 0.380449 0.146514 0.080769 0.033894
0 0.455288 0.158894 0.043910 0.097115
0 0.541346 0.184856 0.089103 0.038942
0 0.538462 0.135697 0.080128 0.050721
0 0.668269 0.181611 0.096795 0.056971
0 0.213462 0.143029 0.078205 0.048558
0 0.770994 0.201322 0.077244 0.021394
0 0.855288 0.192067 0.073397 0.026923
0 0.204006 0.186899 0.065705 0.035817
0 0.111699 0.044351 0.086218 0.052644
0 0.686218 0.390385 0.109615 0.025481
0 0.223558 0.538582 0.127244 0.036298
0 0.875641 0.752043 0.136538 0.041106
0 0.142949 0.904928 0.059615 0.042548
0 0.219551 0.901803 0.077564 0.041106
0 0.149519 0.854087 0.072756 0.050962
0 0.247756 0.845433 0.073718 0.043269
0 0.328045 0.866346 0.056731 0.081731
0 0.397596 0.894712 0.076603 0.061058
0 0.488942 0.901803 0.079808 0.060337
0 0.607372 0.901322 0.137179 0.059375
0 0.501603 0.835096 0.075641 0.070673
0 0.613462 0.853966 0.117308 0.029087
0 0.867949 0.701202 0.137179 0.054808
0 0.751442 0.885938 0.137500 0.097837
0 0.942788 0.905889 0.088782 0.058894
0 0.426923 0.810577 0.064103 0.026442
0 0.620192 0.810577 0.124359 0.019231
0 0.636058 0.830409 0.118269 0.015625
0 0.416506 0.844952 0.065705 0.035096
0 0.793590 0.469231 0.098077 0.048558
0 0.933814 0.471394 0.131731 0.043269
0 0.934615 0.417308 0.130128 0.062500
0 0.770353 0.285216 0.066987 0.050721
0 0.938622 0.320793 0.122115 0.044471
0 0.936218 0.270793 0.126923 0.049760
0 0.858173 0.898077 0.063141 0.060096
0 0.192788 0.603245 0.133013 0.048317
0 0.711378 0.706250 0.153526 0.067788
0 0.550641 0.727764 0.040385 0.047356
0 0.333814 0.597596 0.124679 0.051442
0 0.343750 0.540625 0.105449 0.035577
0 0.435737 0.564183 0.056090 0.061058
0 0.505128 0.599760 0.073718 0.058173
0 0.590064 0.600120 0.086538 0.056490
0 0.681250 0.603365 0.080449 0.060577
0 0.521154 0.545553 0.073718 0.043029
0 0.594391 0.550120 0.066346 0.049760
0 0.668750 0.547716 0.074679 0.044952
0 0.771795 0.613702 0.088462 0.044712
0 0.864263 0.616707 0.088141 0.041587
0 0.521154 0.685937 0.064103 0.033894
0 0.868590 0.562740 0.093590 0.058173
0 0.960256 0.571514 0.072436 0.058894
0 0.956891 0.620313 0.085577 0.034375
0 0.154808 0.742548 0.079487 0.038942
0 0.244551 0.748558 0.083333 0.031731
0 0.154006 0.699880 0.077885 0.020913
0 0.252885 0.697236 0.093590 0.020433
0 0.243910 0.720913 0.085256 0.020192
0 0.378205 0.735938 0.097436 0.042548
0 0.336538 0.683534 0.058974 0.041106
0 0.483654 0.737019 0.087821 0.061538
0 0.443429 0.678365 0.074679 0.035577
0 0.771314 0.557091 0.092628 0.056490
0 0.426442 0.274519 0.101603 0.028846
0 0.790865 0.428486 0.095192 0.027163