0 0.699142 0.415288 0.038807 0.084865
0 0.618873 0.410846 0.035948 0.084559
0 0.658497 0.414216 0.036765 0.084559
0 0.786560 0.421569 0.038807 0.084559
0 0.544935 0.424020 0.026144 0.090074
0 0.830882 0.696385 0.045752 0.087010
0 0.789420 0.669884 0.032271 0.067708
0 0.739583 0.679075 0.037990 0.078125
0 0.697100 0.670037 0.042075 0.079044
0 0.654208 0.661612 0.040441 0.079350
0 0.611315 0.654412 0.036356 0.077819
0 0.571078 0.648438 0.039216 0.080576
0 0.534314 0.638787 0.035948 0.073529
0 0.934436 0.589920 0.023284 0.084252
0 0.894608 0.585172 0.045752 0.089461
0 0.743056 0.419577 0.038399 0.084865
0 0.844771 0.578125 0.047386 0.086397
0 0.746528 0.566789 0.040441 0.088848
0 0.580065 0.408548 0.035948 0.084865
0 0.589257 0.531097 0.011846 0.066483
0 0.703840 0.559283 0.037582 0.078125
0 0.670547 0.542739 0.019199 0.068321
0 0.616626 0.546415 0.038807 0.078125
0 0.545139 0.537837 0.043709 0.078125
0 0.950163 0.458027 0.035131 0.092525
0 0.906046 0.454810 0.043301 0.090993
0 0.852328 0.450061 0.043709 0.091299
0 0.792279 0.572457 0.045343 0.085478
0 0.959763 0.336244 0.037990 0.081189
0 0.214869 0.464461 0.027778 0.069240
0 0.874183 0.329810 0.037582 0.081189
0 0.009191 0.574602 0.018382 0.070772
0 0.033701 0.581036 0.025735 0.075061
0 0.056985 0.583487 0.015114 0.074449
0 0.010621 0.681985 0.019608 0.066789
0 0.032475 0.687040 0.022467 0.064032
0 0.056985 0.695159 0.020833 0.063113
0 0.183619 0.082261 0.030637 0.090380
0 0.218750 0.080270 0.035539 0.088235
0 0.255719 0.071385 0.030229 0.107230
0 0.286356 0.067249 0.030229 0.106924
0 0.322712 0.064645 0.037582 0.110907
0 0.363358 0.062806 0.036356 0.109681
0 0.402982 0.058670 0.036356 0.109988
0 0.209355 0.179075 0.033905 0.067096
0 0.297386 0.175092 0.036765 0.075061
0 0.334355 0.174020 0.033905 0.076593
0 0.372141 0.175092 0.033497 0.076900
0 0.407884 0.173866 0.034722 0.076287
0 0.180760 0.281710 0.027369 0.081189
0 0.213031 0.280944 0.029820 0.082721
0 0.243056 0.281863 0.024510 0.081495
0 0.271855 0.282935 0.031454 0.081801
0 0.305147 0.283395 0.030229 0.082721
0 0.335172 0.282935 0.025735 0.083640
0 0.365196 0.281710 0.029412 0.081189
0 0.917688 0.332874 0.037990 0.081189
0 0.190768 0.368107 0.028595 0.071385
0 0.218954 0.371936 0.025327 0.067402
0 0.248366 0.374694 0.029412 0.068015
0 0.051675 0.488817 0.015931 0.075061
0 0.280229 0.377298 0.028595 0.068934
0 0.026144 0.486979 0.030229 0.082414
0 0.027165 0.391544 0.023284 0.080270
0 0.886642 0.922335 0.026552 0.060968
0 0.848243 0.914828 0.043709 0.067402
0 0.800245 0.899357 0.043301 0.066483
0 0.753268 0.886795 0.038399 0.064645
0 0.713235 0.875919 0.036765 0.063725
0 0.672998 0.864890 0.037990 0.063725
0 0.632149 0.854167 0.039624 0.064951
0 0.596201 0.844516 0.032271 0.062806
0 0.558007 0.834559 0.040033 0.063725
0 0.519608 0.823376 0.034314 0.065257
0 0.898284 0.828431 0.030229 0.077206
0 0.854779 0.818627 0.042892 0.079044
0 0.809641 0.807751 0.042484 0.080576
0 0.764910 0.796415 0.038807 0.076900
0 0.722018 0.786305 0.037990 0.078125
0 0.680760 0.776961 0.039624 0.078431
0 0.638889 0.764553 0.035948 0.070772
0 0.598039 0.757353 0.039216 0.072917
0 0.561070 0.748775 0.034722 0.072917
0 0.523693 0.739277 0.036765 0.077206
0 0.918913 0.710784 0.025735 0.083946
0 0.880515 0.705576 0.042892 0.083946
0 0.029412 0.079810 0.033497 0.086091
0 0.011234 0.191483 0.022467 0.072917
0 0.037582 0.189032 0.027778 0.078431
0 0.005923 0.291973 0.011846 0.078431
0 0.026552 0.292892 0.022059 0.080270
0 0.047181 0.291360 0.015114 0.077206
0 0.007353 0.389093 0.014706 0.079657
0 0.048815 0.393076 0.015931 0.077206
0 0.309641 0.378830 0.027778 0.069547
0 0.400940 0.281250 0.034722 0.076593
0 0.372958 0.385723 0.029412 0.068627
0 0.608252 0.108915 0.027778 0.071385
0 0.642361 0.105699 0.032271 0.071691
0 0.677492 0.102328 0.032271 0.071691
0 0.339869 0.381434 0.031863 0.068627
0 0.752859 0.097120 0.038399 0.072917
0 0.798815 0.096814 0.037990 0.072917
0 0.842933 0.092831 0.037990 0.072917
0 0.888685 0.089154 0.038807 0.075980
0 0.934641 0.087010 0.038399 0.075980
0 0.978758 0.083333 0.038399 0.075368
0 0.558824 0.223805 0.033497 0.078125
0 0.598243 0.222120 0.033905 0.078431
0 0.635008 0.220588 0.033905 0.077819
0 0.676675 0.222886 0.037990 0.082414
0 0.715891 0.221354 0.034722 0.082414
0 0.756740 0.223346 0.041258 0.082721
0 0.802900 0.222426 0.040441 0.082721
0 0.847835 0.219516 0.041258 0.083027
0 0.892565 0.219363 0.040850 0.082721
0 0.937908 0.221201 0.043301 0.087623
0 0.981005 0.221661 0.037173 0.089154
0 0.553922 0.322304 0.031863 0.069853
0 0.588644 0.322304 0.031863 0.069853
0 0.626021 0.323836 0.031454 0.074142
0 0.662786 0.324755 0.033088 0.075368
0 0.699959 0.325368 0.031454 0.074142
0 0.740400 0.328278 0.037990 0.081189
0 0.785743 0.329197 0.037990 0.081189
0 0.827410 0.331648 0.037990 0.081189
0 0.575980 0.107843 0.034314 0.069240
0 0.329657 0.757047 0.031046 0.083333
0 0.714257 0.099877 0.032271 0.071691
0 0.271242 0.740656 0.027778 0.084252
0 0.403391 0.387255 0.028186 0.071691
0 0.184232 0.461550 0.026144 0.067708
0 0.244077 0.466759 0.026552 0.070159
0 0.272059 0.469056 0.026961 0.071691
0 0.302288 0.475184 0.027778 0.067402
0 0.332516 0.479167 0.031046 0.072917
0 0.362541 0.482537 0.029003 0.071078
0 0.298407 0.748315 0.024918 0.080576
0 0.184436 0.546262 0.026552 0.062500
0 0.213644 0.551777 0.028595 0.063725
0 0.243260 0.557445 0.024918 0.065870
0 0.271038 0.561734 0.027369 0.065870
0 0.301675 0.564185 0.031454 0.067096
0 0.331495 0.570772 0.025735 0.067402
0 0.396650 0.484375 0.031863 0.066176
0 0.394199 0.581648 0.032680 0.065870
0 0.361928 0.576746 0.030229 0.066483
0 0.218137 0.724877 0.022876 0.074142
0 0.187704 0.715839 0.029820 0.070772
0 0.405229 0.681985 0.014706 0.064338
0 0.381536 0.678922 0.027778 0.064951
0 0.349265 0.668199 0.029412 0.063113
0 0.245098 0.731311 0.022876 0.080270
0 0.293301 0.657016 0.026144 0.061581
0 0.263480 0.650888 0.028595 0.061581
0 0.237132 0.644301 0.021650 0.060049
0 0.211193 0.640012 0.026144 0.056985
0 0.183619 0.634038 0.024918 0.057904
0 0.320670 0.662684 0.024510 0.061887