0 0.734069 0.731464 0.044935 0.062806
0 0.045343 0.738664 0.043301 0.066789
0 0.638480 0.732537 0.044118 0.063113
0 0.142361 0.738664 0.044526 0.068627
0 0.192810 0.722273 0.039216 0.065870
0 0.235907 0.733303 0.037990 0.066483
0 0.275735 0.733456 0.035131 0.071078
0 0.316993 0.735447 0.035131 0.064645
0 0.685866 0.732384 0.044118 0.062806
0 0.432598 0.726103 0.044935 0.073529
0 0.485294 0.728554 0.043301 0.075980
0 0.535335 0.728554 0.046160 0.072304
0 0.588848 0.725490 0.046160 0.076593
0 0.097835 0.739737 0.037173 0.068934
0 0.356822 0.734681 0.035539 0.069240
0 0.652165 0.636489 0.031454 0.047488
0 0.793709 0.633885 0.042484 0.052696
0 0.846609 0.303462 0.059232 0.086091
0 0.784722 0.735447 0.045752 0.060355
0 0.783292 0.301930 0.054330 0.087316
0 0.718137 0.302543 0.054739 0.086703
0 0.656250 0.313419 0.055964 0.069240
0 0.599265 0.315257 0.049837 0.066789
0 0.844567 0.634498 0.051879 0.050245
0 0.542279 0.317555 0.050245 0.060355
0 0.484681 0.307598 0.052696 0.080882
0 0.420547 0.299939 0.066585 0.101716
0 0.350490 0.300398 0.065359 0.098958
0 0.294730 0.308211 0.042075 0.086397
0 0.220588 0.299786 0.078431 0.103860
0 0.690359 0.635723 0.034314 0.052696
0 0.542892 0.268995 0.051471 0.029412
0 0.833538 0.733915 0.041258 0.065870
0 0.153391 0.310662 0.054330 0.071078
0 0.915850 0.857996 0.101307 0.052390
0 0.945670 0.197304 0.089869 0.062500
0 0.871528 0.188419 0.051879 0.085784
0 0.817606 0.188266 0.046977 0.087929
0 0.764093 0.186581 0.051062 0.088235
0 0.709355 0.190564 0.056781 0.092525
0 0.637868 0.179381 0.075572 0.102022
0 0.548203 0.183977 0.094771 0.097733
0 0.449755 0.180147 0.084967 0.094363
0 0.372753 0.186734 0.055964 0.098958
0 0.307190 0.188266 0.063725 0.093444
0 0.241013 0.188419 0.065359 0.090074
0 0.171977 0.188113 0.062908 0.082721
0 0.106005 0.187194 0.064134 0.091299
0 0.041258 0.188879 0.060458 0.079963
0 0.908905 0.302237 0.050654 0.087316
0 0.969975 0.310355 0.059232 0.072304
0 0.927288 0.759038 0.104575 0.058517
0 0.031046 0.297335 0.062092 0.098958
0 0.831904 0.838235 0.043709 0.091299
0 0.020425 0.850490 0.040850 0.083946
0 0.080270 0.844210 0.075572 0.079963
0 0.157271 0.840839 0.064542 0.078125
0 0.224673 0.841146 0.063725 0.082414
0 0.299020 0.845741 0.073529 0.089154
0 0.375204 0.847120 0.064134 0.085784
0 0.440972 0.837010 0.037990 0.091299
0 0.486928 0.841759 0.046569 0.098346
0 0.534926 0.843137 0.041258 0.094975
0 0.580065 0.839308 0.039216 0.095895
0 0.618056 0.827819 0.030229 0.085172
0 0.654208 0.825521 0.034722 0.084865
0 0.699755 0.840380 0.044118 0.091299
0 0.743056 0.835938 0.036765 0.086703
0 0.785948 0.835325 0.043301 0.085478
0 0.095384 0.317862 0.052696 0.063419
0 0.035539 0.429075 0.054739 0.078125
0 0.746119 0.633425 0.039624 0.051777
0 0.585376 0.524663 0.047386 0.068321
0 0.033088 0.527574 0.063725 0.076593
0 0.111315 0.528033 0.080474 0.077512
0 0.227328 0.529105 0.060049 0.075368
0 0.361111 0.525429 0.058007 0.074142
0 0.423203 0.525276 0.058007 0.080576
0 0.473652 0.521599 0.039624 0.066483
0 0.521242 0.522212 0.046569 0.070772
0 0.088644 0.426624 0.040850 0.078738
0 0.642565 0.517923 0.034314 0.065870
0 0.939338 0.517616 0.119690 0.060968
0 0.686887 0.520833 0.042892 0.069240
0 0.794730 0.524510 0.044526 0.057598
0 0.844771 0.526195 0.044118 0.062806
0 0.927492 0.601562 0.099265 0.056679
0 0.923407 0.680453 0.096814 0.056373
0 0.053105 0.641850 0.063725 0.049632
0 0.116217 0.646140 0.053513 0.034926
0 0.174020 0.647672 0.049837 0.035539
0 0.187092 0.598499 0.048203 0.035233
0 0.231822 0.649203 0.055147 0.030025
0 0.743668 0.528952 0.049428 0.059743
0 0.943832 0.422488 0.111520 0.068627
0 0.117851 0.605545 0.056781 0.040748
0 0.753268 0.415901 0.071078 0.106311
0 0.835376 0.415748 0.067810 0.097426
0 0.150735 0.419730 0.071895 0.099877
0 0.561479 0.624387 0.042075 0.061275
0 0.511438 0.621477 0.048203 0.062806
0 0.465482 0.623775 0.041258 0.067402
0 0.415645 0.597426 0.037173 0.022672
0 0.411356 0.650276 0.062092 0.030331
0 0.352533 0.649816 0.046569 0.025123
0 0.295752 0.647212 0.058007 0.028493
0 0.608456 0.626838 0.040441 0.064951
0 0.302288 0.588082 0.049020 0.018689
0 0.220588 0.427083 0.058824 0.085784
0 0.295343 0.416513 0.082516 0.098958
0 0.368056 0.426317 0.052288 0.084252
0 0.436479 0.417739 0.081291 0.101409
0 0.506127 0.426317 0.053105 0.083027
0 0.582516 0.414522 0.075980 0.097426
0 0.302083 0.612439 0.054330 0.022672
0 0.673815 0.415748 0.073938 0.107843