0 0.327410 0.368566 0.021650 0.041667
0 0.477737 0.366575 0.028186 0.045037
0 0.304330 0.368107 0.021242 0.038297
0 0.350490 0.366881 0.020425 0.043199
0 0.374387 0.368873 0.023284 0.044730
0 0.398897 0.368873 0.024101 0.044730
0 0.424224 0.367494 0.023284 0.046875
0 0.450776 0.366575 0.025735 0.045037
0 0.508170 0.368719 0.028595 0.046875
0 0.684232 0.374081 0.025327 0.052696
0 0.594975 0.373621 0.027369 0.051777
0 0.624796 0.372089 0.028186 0.056066
0 0.655025 0.373468 0.028186 0.051471
0 0.714257 0.371783 0.028186 0.053002
0 0.746119 0.374387 0.030637 0.053309
0 0.778595 0.374847 0.028595 0.049326
0 0.282884 0.368107 0.020016 0.038297
0 0.810866 0.372243 0.033497 0.056373
0 0.572917 0.374234 0.014297 0.050551
0 0.261846 0.368107 0.018791 0.038297
0 0.529616 0.304075 0.020016 0.049326
0 0.218546 0.368719 0.024510 0.037071
0 0.844771 0.372243 0.030229 0.056373
0 0.370915 0.305607 0.022059 0.047488
0 0.393382 0.306373 0.020425 0.049020
0 0.419935 0.305607 0.024510 0.049939
0 0.447508 0.306219 0.028186 0.048713
0 0.475899 0.305760 0.023693 0.047794
0 0.502859 0.304841 0.026961 0.048407
0 0.569240 0.312960 0.012663 0.048713
0 0.240809 0.369026 0.018382 0.040135
0 0.593342 0.310049 0.029003 0.049632
0 0.659109 0.309743 0.029003 0.052696
0 0.690359 0.308364 0.029412 0.053002
0 0.721609 0.306373 0.029820 0.053922
0 0.753881 0.304841 0.030637 0.055760
0 0.790033 0.303768 0.033497 0.056679
0 0.824959 0.302849 0.036356 0.056679
0 0.919730 0.299939 0.037173 0.060049
0 0.957721 0.298560 0.032271 0.059743
0 0.626225 0.309589 0.029412 0.050551
0 0.878881 0.371017 0.031454 0.058824
0 0.376634 0.429381 0.022059 0.043199
0 0.949142 0.370711 0.024918 0.055760
0 0.289828 0.426317 0.020016 0.039522
0 0.312092 0.427390 0.019608 0.039216
0 0.333129 0.429381 0.020833 0.040748
0 0.354575 0.429841 0.022059 0.041667
0 0.345792 0.307598 0.023284 0.046569
0 0.400531 0.430453 0.020833 0.041054
0 0.422794 0.430147 0.020425 0.042279
0 0.445874 0.431526 0.021650 0.043199
0 0.269199 0.426011 0.017974 0.036458
0 0.469771 0.432292 0.022059 0.042279
0 0.594363 0.434130 0.031863 0.048407
0 0.630515 0.435509 0.040441 0.047488
0 0.672386 0.436581 0.043301 0.050858
0 0.715686 0.437960 0.040850 0.051164
0 0.760212 0.436887 0.047386 0.054534
0 0.861111 0.438725 0.053105 0.053309
0 0.917075 0.440411 0.049837 0.056066
0 0.970588 0.440870 0.058007 0.055760
0 0.496324 0.431832 0.026961 0.041360
0 0.912990 0.371936 0.031863 0.060662
0 0.249387 0.428002 0.019199 0.037990
0 0.205270 0.427237 0.024101 0.034620
0 0.984273 0.370558 0.030637 0.057904
0 0.068423 0.371324 0.011846 0.030637
0 0.081495 0.371017 0.009395 0.027574
0 0.092729 0.371630 0.009804 0.028799
0 0.103554 0.371324 0.008578 0.028186
0 0.113971 0.372243 0.010621 0.030025
0 0.125000 0.371630 0.009804 0.028799
0 0.136438 0.371936 0.011438 0.029412
0 0.228758 0.426317 0.019608 0.037071
0 0.147672 0.371936 0.011029 0.031863
0 0.194649 0.377451 0.018382 0.018995
0 0.077819 0.424326 0.015114 0.030637
0 0.091299 0.425398 0.010212 0.032782
0 0.105188 0.426011 0.011846 0.032169
0 0.118873 0.427390 0.010621 0.032475
0 0.131944 0.427083 0.011438 0.031863
0 0.145221 0.427543 0.012663 0.032782
0 0.166258 0.429075 0.018791 0.028493
0 0.161560 0.372243 0.015931 0.030025
0 0.306577 0.308517 0.034722 0.046569
0 0.808824 0.437960 0.047386 0.056066
0 0.255719 0.305147 0.018791 0.041667
0 0.387459 0.246170 0.023284 0.045650
0 0.363154 0.247855 0.023693 0.045343
0 0.339665 0.247702 0.023284 0.045650
0 0.318219 0.248621 0.019608 0.045650
0 0.296773 0.250153 0.019199 0.045650
0 0.272263 0.251685 0.010212 0.032782
0 0.047998 0.259498 0.012663 0.032475
0 0.062704 0.259038 0.012663 0.032169
0 0.074755 0.257047 0.013072 0.032475
0 0.088848 0.258578 0.012663 0.032475
0 0.102328 0.258885 0.013480 0.032475
0 0.412582 0.244945 0.023693 0.045650
0 0.115809 0.257047 0.012663 0.032475
0 0.277369 0.306373 0.020425 0.042279
0 0.258578 0.251838 0.010621 0.032475
0 0.246936 0.252145 0.010212 0.032475
0 0.234069 0.254442 0.010621 0.032782
0 0.222426 0.254136 0.010212 0.032782
0 0.211601 0.255362 0.010621 0.032782
0 0.200368 0.255974 0.010212 0.032782
0 0.190155 0.256127 0.011029 0.032475
0 0.178717 0.256740 0.012663 0.031863
0 0.165850 0.255515 0.013072 0.031863
0 0.153391 0.256127 0.012663 0.031863
0 0.141340 0.255515 0.013072 0.032475
0 0.440359 0.249234 0.018791 0.034620
0 0.128268 0.257047 0.013072 0.032475
0 0.487949 0.244792 0.021650 0.044118
0 0.215686 0.306526 0.018791 0.042586
0 0.196283 0.308211 0.015114 0.040441
0 0.177083 0.304994 0.021650 0.046262
0 0.140114 0.306373 0.026961 0.043505
0 0.114379 0.306985 0.022059 0.043505
0 0.081495 0.310355 0.015931 0.038603
0 0.062704 0.310049 0.016748 0.033088
0 0.988766 0.219363 0.021650 0.056985
0 0.700776 0.236213 0.030637 0.056373
0 0.739379 0.233303 0.034314 0.057292
0 0.773693 0.231771 0.034314 0.057292
0 0.811479 0.228707 0.034722 0.057292
0 0.845180 0.227635 0.032680 0.058824
0 0.880923 0.225643 0.038807 0.058517
0 0.920139 0.223958 0.038807 0.058824
0 0.959355 0.223958 0.035539 0.059436
0 0.462418 0.247243 0.026144 0.039828
0 0.236111 0.305913 0.017974 0.041360
0 0.669935 0.237745 0.028595 0.053309
0 0.097631 0.306985 0.013072 0.041054
0 0.574142 0.243873 0.018382 0.050858
0 0.618056 0.242800 0.022876 0.050551
0 0.643382 0.240656 0.022876 0.050551
0 0.509600 0.244179 0.021650 0.044118
0 0.595384 0.243566 0.022467 0.050858