0 0.042075 0.407475 0.080882 0.027574
0 0.141340 0.925858 0.179739 0.028799
0 0.032680 0.187806 0.063725 0.016544
0 0.031658 0.216146 0.063317 0.021752
0 0.137051 0.161458 0.137663 0.020221
0 0.135825 0.182598 0.131944 0.018995
0 0.291667 0.159467 0.152778 0.024816
0 0.290850 0.214614 0.164216 0.024816
0 0.134600 0.203585 0.137663 0.019914
0 0.138276 0.223346 0.136029 0.013480
0 0.119894 0.265472 0.133578 0.018689
0 0.118873 0.286612 0.134804 0.022365
0 0.118873 0.309436 0.134804 0.018995
0 0.116217 0.328431 0.137663 0.013480
0 0.275531 0.266085 0.164624 0.024203
0 0.275123 0.292892 0.171160 0.024510
0 0.033497 0.159620 0.066176 0.030025
0 0.274306 0.321232 0.169526 0.024816
0 0.445670 0.294730 0.163399 0.025123
0 0.446487 0.323376 0.168301 0.026042
0 0.612132 0.282629 0.154003 0.014400
0 0.612132 0.301317 0.162173 0.018689
0 0.614992 0.325368 0.162173 0.020221
0 0.926879 0.267616 0.145425 0.023591
0 0.771650 0.274663 0.158497 0.018689
0 0.775327 0.300092 0.159314 0.026042
0 0.775531 0.326134 0.156454 0.021752
0 0.928922 0.294730 0.141340 0.022672
0 0.930556 0.323376 0.138072 0.021140
0 0.969771 0.427237 0.046569 0.103248
0 0.923407 0.426777 0.037990 0.102328
0 0.880106 0.427237 0.037173 0.101409
0 0.445874 0.266391 0.163807 0.019914
0 0.457312 0.214920 0.166258 0.022365
0 0.457925 0.187500 0.160131 0.026348
0 0.455882 0.159314 0.163399 0.024510
0 0.148080 0.062653 0.129493 0.017463
0 0.039828 0.062347 0.079657 0.024816
0 0.038807 0.087469 0.077614 0.019301
0 0.036356 0.111826 0.072712 0.026961
0 0.141953 0.118107 0.131127 0.012561
0 0.146242 0.104167 0.131536 0.011029
0 0.148693 0.083793 0.126634 0.018689
0 0.297386 0.111060 0.160948 0.019301
0 0.297794 0.087316 0.157680 0.018382
0 0.462623 0.111979 0.162990 0.021140
0 0.462418 0.085172 0.162582 0.018995
0 0.298203 0.061887 0.155229 0.026348
0 0.462214 0.059896 0.162173 0.027267
0 0.621936 0.072304 0.149918 0.021446
0 0.622958 0.096967 0.145425 0.019301
0 0.623162 0.117188 0.145833 0.016238
0 0.774101 0.069393 0.153595 0.026042
0 0.623775 0.220741 0.153595 0.018689
0 0.620507 0.198070 0.153595 0.021752
0 0.620302 0.171262 0.156454 0.022059
0 0.780637 0.222120 0.156863 0.021446
0 0.781250 0.195772 0.158088 0.019608
0 0.778391 0.168045 0.151552 0.022978
0 0.836193 0.427543 0.041667 0.103860
0 0.931373 0.218750 0.136438 0.022059
0 0.929739 0.160846 0.139706 0.026961
0 0.929534 0.114430 0.140114 0.018689
0 0.927083 0.091146 0.145016 0.023591
0 0.927083 0.062960 0.145016 0.026042
0 0.776961 0.116728 0.155229 0.017770
0 0.776961 0.095282 0.151961 0.018995
0 0.930556 0.190564 0.138072 0.025735
0 0.789624 0.428768 0.038399 0.103860
0 0.289828 0.186275 0.162173 0.021446
0 0.641340 0.381893 0.140523 0.027880
0 0.834763 0.542126 0.182598 0.033395
0 0.838644 0.576287 0.186275 0.027574
0 0.845180 0.609681 0.189542 0.032475
0 0.650327 0.573836 0.179739 0.024510
0 0.655025 0.607996 0.185049 0.031556
0 0.711193 0.678309 0.167484 0.028186
0 0.710989 0.708946 0.170343 0.028186
0 0.710989 0.737286 0.174428 0.020527
0 0.728145 0.769301 0.180964 0.023897
0 0.899101 0.703585 0.181373 0.032782
0 0.906250 0.737898 0.181781 0.024816
0 0.911356 0.767310 0.170752 0.029718
0 0.912582 0.833640 0.174020 0.033701
0 0.912582 0.870251 0.174020 0.027880
0 0.913194 0.902267 0.172794 0.025123
0 0.911152 0.935662 0.173611 0.025123
0 0.719975 0.834252 0.175245 0.022672
0 0.742851 0.426624 0.042892 0.106924
0 0.137663 0.894301 0.172386 0.019608
0 0.144608 0.866575 0.169935 0.025429
0 0.138480 0.834099 0.178105 0.032169
0 0.328227 0.925858 0.194853 0.028799
0 0.326185 0.891697 0.187500 0.029718
0 0.648284 0.541973 0.174837 0.032475
0 0.330270 0.852022 0.197304 0.026961
0 0.528595 0.927237 0.194444 0.029105
0 0.525940 0.891544 0.186683 0.034314
0 0.527982 0.854167 0.190768 0.031250
0 0.527982 0.824602 0.191585 0.020527
0 0.725082 0.931526 0.191176 0.037071
0 0.720997 0.891085 0.191176 0.037071
0 0.332721 0.823836 0.189951 0.024510
0 0.542688 0.763940 0.163807 0.024816
0 0.719363 0.858609 0.165033 0.017463
0 0.533292 0.704044 0.163807 0.024510
0 0.643178 0.410999 0.137663 0.024816
0 0.539828 0.732690 0.172794 0.026654
0 0.643791 0.437653 0.138889 0.024203
0 0.644404 0.466912 0.140114 0.026348
0 0.547181 0.426930 0.041258 0.102635
0 0.500613 0.424020 0.037173 0.101716
0 0.458538 0.425551 0.039624 0.099877
0 0.417892 0.426930 0.042484 0.100184
0 0.154616 0.422947 0.038807 0.099571
0 0.202002 0.424326 0.037990 0.099877
0 0.243260 0.428309 0.031454 0.092525
0 0.283292 0.424326 0.041258 0.097426
0 0.328431 0.424020 0.038399 0.101716
0 0.373162 0.424939 0.042075 0.103554
0 0.039828 0.435049 0.079657 0.021446
0 0.105596 0.422028 0.040441 0.100184
0 0.170956 0.524663 0.256127 0.024203
0 0.346201 0.759651 0.179330 0.026654
0 0.041667 0.462316 0.083333 0.022059
0 0.348856 0.725950 0.179739 0.026654
0 0.350899 0.693474 0.179739 0.026654
0 0.355188 0.663450 0.179330 0.026654
0 0.539624 0.676471 0.164216 0.024510
0 0.160539 0.725950 0.184641 0.030331
0 0.162173 0.689185 0.184641 0.030944
0 0.155637 0.759651 0.184641 0.030331
0 0.165645 0.605699 0.261029 0.024510
0 0.168505 0.579350 0.258578 0.023897
0 0.171569 0.553462 0.256536 0.024203
0 0.423815 0.608915 0.246324 0.032169
0 0.421364 0.573376 0.245507 0.026654
0 0.425858 0.537837 0.245507 0.026654