0 0.226282 0.885694 0.101923 0.019962
0 0.027083 0.470413 0.054167 0.085314
0 0.848237 0.406012 0.149679 0.023051
0 0.834936 0.379753 0.148077 0.023289
0 0.838301 0.352424 0.145192 0.026141
0 0.545032 0.406012 0.131731 0.015922
0 0.412500 0.377258 0.125641 0.024952
0 0.413942 0.402448 0.122756 0.022576
0 0.409455 0.350642 0.125962 0.026854
0 0.282692 0.399002 0.135256 0.025190
0 0.276603 0.372505 0.129487 0.022576
0 0.336538 0.844819 0.125641 0.022338
0 0.154167 0.397338 0.113462 0.021863
0 0.151122 0.378327 0.104808 0.013308
0 0.541667 0.382129 0.127564 0.025665
0 0.276282 0.345532 0.135256 0.028042
0 0.593750 0.864306 0.141987 0.022338
0 0.340385 0.886050 0.121154 0.017823
0 0.576122 0.474929 0.125962 0.030181
0 0.452564 0.505347 0.115385 0.017348
0 0.451763 0.484197 0.114423 0.021150
0 0.319231 0.475048 0.147436 0.027091
0 0.320513 0.503446 0.146154 0.027329
0 0.172917 0.499525 0.141987 0.031369
0 0.075641 0.470295 0.031410 0.084601
0 0.339744 0.866683 0.121795 0.017586
0 0.819231 0.887357 0.023718 0.024715
0 0.734936 0.885337 0.138462 0.018298
0 0.735897 0.860504 0.135256 0.026141
0 0.607532 0.891991 0.108013 0.017823
0 0.148237 0.359197 0.116987 0.023527
0 0.461218 0.888070 0.114744 0.017110
0 0.460577 0.868940 0.117308 0.017823
0 0.458013 0.849097 0.114744 0.021388
0 0.826442 0.861573 0.025962 0.023527
0 0.145192 0.336977 0.107692 0.015684
0 0.858974 0.298836 0.143590 0.026378
0 0.036378 0.365257 0.041987 0.081274
0 0.220032 0.836621 0.099679 0.010219
0 0.154808 0.858009 0.025000 0.072481
0 0.129647 0.861336 0.018269 0.066778
0 0.059615 0.889615 0.119231 0.022576
0 0.059776 0.865732 0.119551 0.022814
0 0.059776 0.838284 0.119551 0.032082
0 0.949038 0.791231 0.101282 0.020675
0 0.948237 0.765922 0.102885 0.022814
0 0.869071 0.756416 0.033654 0.028992
0 0.879808 0.788023 0.030128 0.025665
0 0.839744 0.786240 0.021154 0.026378
0 0.834295 0.752376 0.016667 0.023289
0 0.748237 0.787904 0.149038 0.023051
0 0.159135 0.252258 0.111218 0.021150
0 0.156410 0.233127 0.111538 0.014734
0 0.221474 0.853969 0.098077 0.019724
0 0.225801 0.869891 0.102244 0.010219
0 0.153365 0.271269 0.115064 0.014971
0 0.156090 0.290518 0.117308 0.021625
0 0.979968 0.239306 0.039423 0.042776
0 0.943590 0.239781 0.025000 0.048479
0 0.950962 0.290756 0.027564 0.049192
0 0.856571 0.250832 0.132372 0.023527
0 0.861378 0.274121 0.138782 0.022101
0 0.578686 0.502495 0.126603 0.023527
0 0.704327 0.297529 0.149679 0.026141
0 0.075962 0.364306 0.025000 0.078897
0 0.556571 0.245366 0.138782 0.024952
0 0.556571 0.297529 0.135577 0.026141
0 0.422436 0.294914 0.130128 0.023289
0 0.424199 0.269843 0.133654 0.024002
0 0.421474 0.242514 0.131410 0.029230
0 0.299359 0.235504 0.104487 0.028517
0 0.285897 0.292063 0.135897 0.026616
0 0.284455 0.265209 0.133013 0.025665
0 0.559615 0.271507 0.135256 0.024477
0 0.715865 0.460551 0.129167 0.023289
0 0.962340 0.451759 0.074679 0.025190
0 0.709455 0.484197 0.129167 0.023527
0 0.949038 0.644843 0.101282 0.023527
0 0.878045 0.675261 0.029808 0.029230
0 0.879808 0.700927 0.027564 0.021150
0 0.839103 0.700333 0.023077 0.019962
0 0.842468 0.677519 0.024038 0.019962
0 0.759455 0.650547 0.139423 0.023527
0 0.950481 0.678826 0.098397 0.024952
0 0.754167 0.697362 0.143590 0.018774
0 0.606410 0.693203 0.139103 0.024240
0 0.604167 0.666112 0.141026 0.027091
0 0.468429 0.696649 0.124038 0.021625
0 0.471154 0.673241 0.119231 0.020913
0 0.332051 0.693916 0.141667 0.021388
0 0.704647 0.507010 0.125321 0.027329
0 0.754167 0.674430 0.144231 0.025665
0 0.949840 0.703660 0.099679 0.019487
0 0.057372 0.733603 0.108974 0.019962
0 0.060256 0.757129 0.114103 0.023289
0 0.745994 0.761050 0.149679 0.031131
0 0.589744 0.784458 0.116667 0.022814
0 0.598878 0.761050 0.118269 0.019724
0 0.463301 0.742752 0.122115 0.019724
0 0.461859 0.765684 0.121795 0.021388
0 0.461699 0.784815 0.118910 0.014496
0 0.338622 0.783983 0.123397 0.021863
0 0.337019 0.760337 0.124038 0.020675
0 0.334615 0.738237 0.122436 0.020200
0 0.214423 0.785171 0.106410 0.017586
0 0.212821 0.767586 0.107692 0.009981
0 0.209776 0.751307 0.112500 0.020200
0 0.204487 0.733009 0.102564 0.014021
0 0.135897 0.760219 0.025000 0.066540
0 0.058654 0.783032 0.114103 0.024715
0 0.334776 0.669083 0.147115 0.024002
0 0.186218 0.692490 0.143590 0.022814
0 0.337179 0.643774 0.142308 0.017110
0 0.854006 0.856820 0.022115 0.025428
0 0.853045 0.885932 0.023397 0.021863
0 0.324038 0.575689 0.143590 0.020675
0 0.323077 0.548717 0.144872 0.028517
0 0.175000 0.599335 0.140385 0.026616
0 0.176122 0.574263 0.149038 0.020675
0 0.176122 0.548479 0.148397 0.025665
0 0.458333 0.601236 0.127564 0.019962
0 0.070673 0.570580 0.058013 0.072243
0 0.962340 0.506298 0.074679 0.026378
0 0.960737 0.476592 0.077885 0.022101
0 0.066667 0.255109 0.043590 0.095295
0 0.851763 0.508436 0.134936 0.023527
0 0.850321 0.485979 0.135256 0.019962
0 0.852083 0.459244 0.138782 0.029230
0 0.019391 0.571174 0.038782 0.071055
0 0.458974 0.579016 0.123077 0.022576
0 0.320994 0.598978 0.140705 0.023527
0 0.586378 0.578066 0.120833 0.020675
0 0.936058 0.849335 0.127244 0.019962
0 0.935256 0.870128 0.128846 0.017823
0 0.936058 0.890209 0.127244 0.019011
0 0.967788 0.404943 0.063782 0.023289
0 0.459295 0.555014 0.123718 0.023051
0 0.077564 0.668964 0.062179 0.067966
0 0.022596 0.667538 0.045192 0.071293
0 0.186218 0.666944 0.146795 0.026378
0 0.959135 0.581987 0.081090 0.024240
0 0.958494 0.554064 0.082372 0.027804
0 0.843429 0.600166 0.127885 0.023527
0 0.835096 0.571055 0.120192 0.027567
0 0.710417 0.601949 0.125962 0.015684
0 0.708974 0.579491 0.118590 0.023527
0 0.585256 0.601473 0.122436 0.019487
0 0.957692 0.606939 0.083974 0.025665
0 0.019712 0.257248 0.039423 0.090067