0 0.350899 0.652114 0.060458 0.041973
0 0.855596 0.777727 0.082108 0.054228
0 0.858252 0.718137 0.081699 0.060662
0 0.951797 0.785539 0.095588 0.061275
0 0.954453 0.726103 0.090278 0.052696
0 0.953227 0.665748 0.092729 0.064951
0 0.010825 0.508578 0.021650 0.044118
0 0.022263 0.465227 0.029820 0.038297
0 0.080270 0.477635 0.014297 0.096201
0 0.108047 0.483303 0.037990 0.114277
0 0.145425 0.488511 0.034314 0.123468
0 0.768178 0.767463 0.082108 0.054534
0 0.181373 0.489890 0.032680 0.125000
0 0.217525 0.491575 0.037990 0.125306
0 0.319444 0.489890 0.040033 0.128064
0 0.358864 0.492494 0.034722 0.127757
0 0.402165 0.494792 0.044526 0.134191
0 0.449755 0.496017 0.043301 0.131740
0 0.498775 0.496017 0.039216 0.129289
0 0.547794 0.497243 0.051471 0.132353
0 0.603350 0.494945 0.049837 0.127757
0 0.657884 0.497089 0.049428 0.130821
0 0.715074 0.507200 0.055964 0.141850
0 0.288807 0.487439 0.017974 0.117647
0 0.770629 0.707721 0.080474 0.055147
0 0.690155 0.694240 0.072304 0.055147
0 0.687500 0.751532 0.071078 0.052696
0 0.020221 0.809130 0.034722 0.033701
0 0.013480 0.768995 0.026961 0.042279
0 0.061070 0.820159 0.041258 0.040441
0 0.059641 0.777114 0.040850 0.041360
0 0.052900 0.731771 0.046977 0.046262
0 0.105596 0.826593 0.044526 0.042279
0 0.104371 0.784314 0.042075 0.039216
0 0.105596 0.739277 0.044526 0.045343
0 0.152982 0.835478 0.040441 0.039828
0 0.151552 0.792586 0.044935 0.038603
0 0.150940 0.750000 0.045343 0.043505
0 0.204044 0.850184 0.038807 0.038603
0 0.199959 0.806526 0.042075 0.041973
0 0.198325 0.762561 0.043709 0.042279
0 0.257966 0.865196 0.050245 0.049020
0 0.250817 0.770833 0.057190 0.049020
0 0.314542 0.874387 0.057190 0.049020
0 0.314134 0.829350 0.057190 0.038603
0 0.312704 0.785539 0.058415 0.046569
0 0.376225 0.890472 0.053922 0.042586
0 0.374592 0.844363 0.054739 0.042279
0 0.371936 0.797488 0.055147 0.046569
0 0.612541 0.736826 0.064951 0.056373
0 0.844567 0.519301 0.029003 0.159926
0 0.340074 0.596814 0.058415 0.044730
0 0.816176 0.511795 0.023693 0.146752
0 0.894404 0.528952 0.063317 0.168199
0 0.276757 0.593137 0.058415 0.047794
0 0.028391 0.617647 0.042892 0.039216
0 0.054330 0.576746 0.044935 0.038297
0 0.149918 0.586397 0.049837 0.040441
0 0.099877 0.581648 0.044526 0.040748
0 0.015727 0.572610 0.031454 0.046569
0 0.837418 0.975184 0.086601 0.049020
0 0.933007 0.982843 0.098856 0.033701
0 0.742443 0.965227 0.083742 0.055453
0 0.660948 0.892770 0.079248 0.062500
0 0.078227 0.622702 0.042892 0.038909
0 0.658088 0.950214 0.077614 0.045037
0 0.581291 0.830423 0.072712 0.046875
0 0.581291 0.879596 0.074346 0.047794
0 0.581291 0.932904 0.069444 0.055147
0 0.507353 0.819853 0.066176 0.049020
0 0.507353 0.870558 0.066176 0.048713
0 0.508374 0.921875 0.066585 0.049020
0 0.436479 0.807445 0.063317 0.051164
0 0.437908 0.858762 0.066176 0.047181
0 0.439338 0.910386 0.064134 0.049939
0 0.348039 0.697610 0.059641 0.044118
0 0.612541 0.628676 0.067402 0.051471
0 0.122141 0.627451 0.042484 0.038603
0 0.169526 0.633272 0.042484 0.039216
0 0.171160 0.674326 0.042484 0.038603
0 0.967320 0.533548 0.064542 0.177390
0 0.312092 0.343597 0.038399 0.138174
0 0.106005 0.345282 0.045343 0.128064
0 0.044118 0.345282 0.070261 0.125613
0 0.153391 0.342525 0.042075 0.131740
0 0.202206 0.341605 0.049837 0.136642
0 0.259804 0.342525 0.056373 0.139706
0 0.536765 0.621324 0.076797 0.052083
0 0.544322 0.672488 0.062500 0.042279
0 0.544118 0.723805 0.062908 0.054228
0 0.477124 0.714614 0.063725 0.049326
0 0.478758 0.668658 0.060458 0.038297
0 0.401961 0.605699 0.059641 0.046569
0 0.413807 0.657016 0.060458 0.046875
0 0.412377 0.706189 0.060049 0.046569
0 0.286765 0.643536 0.058007 0.041973
0 0.285948 0.689645 0.056373 0.042892
0 0.226307 0.684589 0.053105 0.041973
0 0.223652 0.641238 0.051879 0.042279
0 0.214052 0.589614 0.053105 0.048100
0 0.034314 0.657935 0.042484 0.038909
0 0.078023 0.662990 0.042484 0.038603
0 0.124183 0.667433 0.042484 0.038909
0 0.773489 0.510876 0.055147 0.146752
0 0.614379 0.681832 0.068627 0.049326
0 0.253268 0.817862 0.056373 0.041973
0 0.795956 0.135723 0.083742 0.191176
0 0.354575 0.346048 0.040850 0.133272
0 0.402778 0.341912 0.049837 0.141544
0 0.459559 0.340686 0.049837 0.140931
0 0.136438 0.189338 0.048203 0.145833
0 0.087214 0.192555 0.046977 0.138787
0 0.038807 0.198376 0.042484 0.132659
0 0.008170 0.197763 0.016340 0.139400
0 0.961601 0.341605 0.075980 0.162990
0 0.884191 0.340686 0.069853 0.162990
0 0.812908 0.340380 0.070261 0.157475
0 0.745507 0.340074 0.053922 0.155025
0 0.686683 0.340993 0.053922 0.151961
0 0.628064 0.341912 0.052696 0.151348
0 0.570670 0.341912 0.052288 0.147672
0 0.513276 0.344822 0.050245 0.141238
0 0.248979 0.179994 0.051879 0.152880
0 0.304943 0.174173 0.052696 0.154105
0 0.189542 0.185815 0.054739 0.148591
0 0.424428 0.165135 0.053922 0.161765
0 0.488766 0.160692 0.063317 0.167586
0 0.562908 0.153799 0.073529 0.173407
0 0.631944 0.143536 0.062908 0.189645
0 0.708946 0.140625 0.083742 0.191176
0 0.885417 0.128217 0.088644 0.202512
0 0.969363 0.118719 0.060458 0.206801
0 0.364788 0.170803 0.056373 0.157169