0 0.540441 0.410999 0.041667 0.106311
0 0.588235 0.412224 0.051471 0.105086
0 0.639093 0.413450 0.043709 0.108150
0 0.693015 0.410539 0.056781 0.102328
0 0.747958 0.415901 0.044118 0.103860
0 0.799020 0.416360 0.044118 0.104167
0 0.845384 0.416054 0.044526 0.105392
0 0.892974 0.418811 0.044935 0.100490
0 0.940155 0.414522 0.048611 0.108456
0 0.276552 0.528799 0.047386 0.103554
0 0.580678 0.653186 0.055964 0.080270
0 0.391340 0.407629 0.049837 0.105699
0 0.078636 0.899663 0.055147 0.025429
0 0.137051 0.900276 0.057598 0.026654
0 0.314951 0.895833 0.038399 0.039216
0 0.354575 0.896446 0.040850 0.037377
0 0.396242 0.897059 0.038399 0.038603
0 0.446895 0.888634 0.037582 0.040135
0 0.486315 0.885723 0.034722 0.037377
0 0.525531 0.891085 0.035539 0.038909
0 0.564951 0.892463 0.037582 0.038603
0 0.323938 0.529871 0.044118 0.105699
0 0.341912 0.406710 0.047386 0.100797
0 0.283701 0.404871 0.054330 0.109375
0 0.229371 0.405331 0.046977 0.107230
0 0.113358 0.133885 0.060049 0.114583
0 0.193832 0.139706 0.051879 0.111520
0 0.331291 0.140625 0.055556 0.120098
0 0.394812 0.151348 0.051879 0.104167
0 0.462010 0.148131 0.064542 0.114890
0 0.526757 0.152114 0.063317 0.111826
0 0.641136 0.153186 0.161356 0.117034
0 0.830270 0.165288 0.042075 0.101409
0 0.874183 0.164675 0.041667 0.101409
0 0.915033 0.164828 0.035131 0.101103
0 0.967933 0.160386 0.063317 0.111826
0 0.452819 0.835784 0.037173 0.041667
0 0.026757 0.289982 0.041258 0.081189
0 0.263685 0.279718 0.058415 0.109681
0 0.319853 0.283088 0.051471 0.104167
0 0.380923 0.282016 0.064951 0.114277
0 0.446691 0.285999 0.054330 0.109375
0 0.501021 0.289369 0.051879 0.104473
0 0.554943 0.290441 0.049428 0.101103
0 0.683211 0.289216 0.204657 0.110294
0 0.812500 0.296109 0.047386 0.098958
0 0.917075 0.291667 0.060458 0.107843
0 0.213848 0.278799 0.041258 0.107843
0 0.052900 0.403186 0.102533 0.102941
0 0.077206 0.276042 0.051471 0.108456
0 0.658088 0.649357 0.098039 0.075674
0 0.490400 0.837010 0.038807 0.037990
0 0.692606 0.886183 0.047794 0.044424
0 0.952819 0.650123 0.058415 0.079044
0 0.880515 0.647978 0.077206 0.082721
0 0.771446 0.649816 0.103350 0.079657
0 0.372141 0.529412 0.043301 0.104779
0 0.417075 0.528646 0.043301 0.106311
0 0.470997 0.527727 0.057190 0.104473
0 0.530842 0.528646 0.054330 0.103248
0 0.583333 0.532169 0.041667 0.104779
0 0.628676 0.531710 0.043301 0.103248
0 0.677696 0.532782 0.046569 0.105392
0 0.728962 0.536458 0.051879 0.098039
0 0.020221 0.760723 0.040441 0.080270
0 0.777778 0.535846 0.046569 0.102328
0 0.867647 0.539062 0.039216 0.095895
0 0.908701 0.540288 0.035539 0.095895
0 0.943219 0.535386 0.031046 0.091605
0 0.980188 0.539522 0.038807 0.094363
0 0.062092 0.656097 0.083333 0.083027
0 0.145016 0.655484 0.077614 0.078738
0 0.224673 0.654412 0.078431 0.073529
0 0.303309 0.652114 0.068219 0.078125
0 0.380719 0.652114 0.076797 0.078125
0 0.455882 0.652420 0.067810 0.078738
0 0.520016 0.649663 0.061275 0.083027
0 0.824142 0.535386 0.038807 0.101409
0 0.071691 0.759191 0.060866 0.079657
0 0.135621 0.758272 0.063725 0.080882
0 0.202410 0.758732 0.064951 0.083640
0 0.747345 0.888021 0.051062 0.045037
0 0.803717 0.889553 0.050245 0.041973
0 0.850082 0.838082 0.033497 0.034007
0 0.888889 0.837163 0.037582 0.035233
0 0.861928 0.889706 0.031863 0.036152
0 0.896038 0.888327 0.030637 0.037071
0 0.929739 0.888634 0.032680 0.037071
0 0.960989 0.881587 0.029820 0.038297
0 0.152369 0.261489 0.076797 0.036458
0 0.176266 0.529565 0.087827 0.077512
0 0.026552 0.898744 0.041667 0.035846
0 0.156046 0.840227 0.055556 0.029105
0 0.100490 0.842678 0.049837 0.027880
0 0.934232 0.761949 0.074346 0.077206
0 0.846609 0.775123 0.082925 0.036765
0 0.760825 0.774510 0.078023 0.035539
0 0.848039 0.734988 0.085784 0.041667
0 0.760212 0.735447 0.084967 0.036458
0 0.674224 0.775123 0.088644 0.039828
0 0.588440 0.775735 0.083742 0.041054
0 0.453636 0.760110 0.060866 0.076593
0 0.392361 0.759804 0.060866 0.076593
0 0.330678 0.761183 0.060866 0.076287
0 0.049837 0.141697 0.032680 0.099571
0 0.267157 0.762714 0.059641 0.081189
0 0.532680 0.838848 0.038399 0.038603
0 0.016544 0.142310 0.033088 0.100184
0 0.859477 0.296569 0.044935 0.100490