0 0.407680 0.357537 0.059641 0.126838
0 0.343954 0.356005 0.054739 0.136642
0 0.111111 0.370251 0.043301 0.095895
0 0.291871 0.356311 0.045343 0.129902
0 0.469567 0.356924 0.042075 0.123775
0 0.247753 0.378676 0.026552 0.084559
0 0.208538 0.366268 0.042075 0.106924
0 0.159518 0.366268 0.046160 0.106924
0 0.758987 0.367647 0.035948 0.112132
0 0.547590 0.361979 0.050245 0.114890
0 0.614175 0.365349 0.051062 0.119792
0 0.667688 0.364737 0.048611 0.117953
0 0.715278 0.367341 0.042484 0.111520
0 0.799020 0.371017 0.042484 0.104779
0 0.983660 0.439185 0.031863 0.049326
0 0.107639 0.472886 0.215278 0.029718
0 0.840074 0.369945 0.036356 0.106924
0 0.067198 0.373468 0.039624 0.095588
0 0.026552 0.582261 0.053105 0.066483
0 0.828840 0.454963 0.039216 0.017157
0 0.272263 0.518076 0.047794 0.117647
0 0.921364 0.523438 0.029003 0.031556
0 0.939134 0.429994 0.030229 0.049939
0 0.884600 0.526961 0.031454 0.025123
0 0.848243 0.522212 0.031454 0.037071
0 0.827002 0.474724 0.039624 0.016850
0 0.808415 0.516391 0.033497 0.059743
0 0.765931 0.504902 0.036765 0.091299
0 0.727124 0.505974 0.031863 0.090993
0 0.690768 0.506434 0.035131 0.091912
0 0.652165 0.510110 0.035539 0.093137
0 0.611724 0.506434 0.036356 0.103554
0 0.569853 0.508885 0.038399 0.106618
0 0.521242 0.511489 0.044118 0.106924
0 0.467320 0.511795 0.043301 0.112439
0 0.424837 0.510570 0.037582 0.109988
0 0.380515 0.516238 0.046977 0.116422
0 0.328227 0.518382 0.051879 0.115809
0 0.197508 0.572610 0.086193 0.063725
0 0.908292 0.433977 0.031454 0.038909
0 0.479167 0.071232 0.032680 0.102635
0 0.985498 0.360141 0.028186 0.037684
0 0.879902 0.107690 0.044118 0.113664
0 0.835989 0.107077 0.037990 0.106311
0 0.791054 0.113971 0.049428 0.090686
0 0.706291 0.096201 0.023693 0.087623
0 0.737132 0.119026 0.035539 0.063419
0 0.670343 0.086397 0.047386 0.097426
0 0.617239 0.080270 0.044118 0.115809
0 0.559641 0.073683 0.054739 0.106924
0 0.441789 0.058364 0.036356 0.114277
0 0.397059 0.053922 0.044935 0.100490
0 0.352941 0.062960 0.044935 0.076900
0 0.295343 0.045037 0.055556 0.090074
0 0.236520 0.042279 0.045752 0.084559
0 0.184845 0.042279 0.046160 0.084559
0 0.136846 0.040748 0.040850 0.077206
0 0.074959 0.037377 0.070670 0.074142
0 0.955065 0.516850 0.027778 0.041667
0 0.947100 0.186428 0.030637 0.056679
0 0.984681 0.190411 0.029820 0.057904
0 0.905842 0.184896 0.028186 0.042586
0 0.051879 0.201593 0.049837 0.115196
0 0.917484 0.358150 0.024510 0.043505
0 0.877247 0.344669 0.035539 0.047181
0 0.943832 0.260110 0.036356 0.052696
0 0.898693 0.252911 0.037582 0.057904
0 0.845180 0.241422 0.038399 0.109681
0 0.798611 0.236213 0.048203 0.118873
0 0.749387 0.240502 0.041258 0.112745
0 0.703840 0.241422 0.041667 0.112132
0 0.877042 0.439185 0.025327 0.032782
0 0.654820 0.226103 0.047386 0.129289
0 0.538603 0.181832 0.085376 0.098958
0 0.445874 0.215074 0.064134 0.123162
0 0.382149 0.234835 0.043709 0.070772
0 0.333333 0.229779 0.036765 0.079657
0 0.286969 0.211550 0.032271 0.111213
0 0.248162 0.226103 0.042892 0.079044
0 0.193627 0.212776 0.056373 0.094669
0 0.126430 0.204350 0.067402 0.104779
0 0.604575 0.221354 0.045752 0.127145
0 0.985498 0.515472 0.028186 0.041360
0 0.109886 0.576746 0.087418 0.062806
0 0.939542 0.606771 0.033497 0.086091
0 0.275940 0.826440 0.054330 0.127757
0 0.202614 0.863358 0.084967 0.080882
0 0.108252 0.876685 0.090686 0.079350
0 0.027982 0.868873 0.055964 0.120098
0 0.470792 0.652574 0.041258 0.091299
0 0.419730 0.647978 0.049428 0.103554
0 0.364583 0.652727 0.042892 0.108150
0 0.268587 0.661765 0.049428 0.109681
0 0.336806 0.819240 0.060049 0.127451
0 0.141136 0.697151 0.071487 0.074449
0 0.974469 0.604626 0.028186 0.080576
0 0.523284 0.640165 0.042484 0.102635
0 0.572917 0.635570 0.043709 0.106311
0 0.623366 0.628676 0.042484 0.106005
0 0.661356 0.626225 0.032680 0.102328
0 0.697508 0.623315 0.031454 0.101409
0 0.731618 0.619026 0.034314 0.098346
0 0.767157 0.617494 0.032680 0.094669
0 0.055147 0.685049 0.075980 0.079044
0 0.399101 0.820772 0.051471 0.106005
0 0.209150 0.671875 0.053105 0.087623
0 0.541462 0.796262 0.038807 0.088235
0 0.593546 0.787684 0.057190 0.099265
0 0.654616 0.777727 0.052696 0.095895
0 0.733047 0.776501 0.027369 0.075674
0 0.694853 0.768076 0.023693 0.074755
0 0.759804 0.756587 0.021242 0.103248
0 0.791871 0.755668 0.028186 0.099571
0 0.828636 0.760570 0.029820 0.078125
0 0.874387 0.719056 0.045343 0.037990
0 0.947917 0.727175 0.035539 0.044424
0 0.485907 0.783395 0.045343 0.118260
0 0.809436 0.636183 0.037990 0.049326
0 0.847018 0.609988 0.035539 0.093750
0 0.882353 0.600184 0.035948 0.083946