0 0.436070 0.863664 0.081291 0.125613
0 0.349877 0.873315 0.075572 0.081801
0 0.369485 0.370558 0.033088 0.090993
0 0.378268 0.511336 0.035948 0.087010
0 0.304330 0.499387 0.103758 0.099877
0 0.214869 0.507047 0.062092 0.094975
0 0.157067 0.511489 0.042892 0.090993
0 0.112745 0.513021 0.035948 0.087316
0 0.069036 0.504749 0.039216 0.108150
0 0.028595 0.513174 0.033497 0.087623
0 0.979779 0.359681 0.039624 0.104779
0 0.909518 0.354779 0.046977 0.115196
0 0.423203 0.510723 0.044118 0.083333
0 0.857435 0.356618 0.027778 0.111520
0 0.761234 0.391544 0.066585 0.041054
0 0.691176 0.393842 0.066176 0.043811
0 0.633783 0.367647 0.033905 0.091912
0 0.591912 0.362132 0.034314 0.089461
0 0.558619 0.366728 0.025735 0.096814
0 0.524306 0.369485 0.033088 0.093750
0 0.483456 0.368719 0.036356 0.092218
0 0.446691 0.369945 0.029820 0.096507
0 0.407067 0.369945 0.037990 0.096507
0 0.818423 0.357843 0.039624 0.111520
0 0.330065 0.371017 0.032680 0.097426
0 0.550449 0.496936 0.053513 0.103554
0 0.671977 0.494026 0.051471 0.029718
0 0.546364 0.618719 0.029820 0.071385
0 0.512663 0.622396 0.031046 0.071998
0 0.474673 0.625153 0.033497 0.092831
0 0.436070 0.627911 0.034722 0.089767
0 0.394608 0.626685 0.039216 0.092218
0 0.353554 0.626225 0.038807 0.090686
0 0.309028 0.628523 0.042892 0.086091
0 0.262459 0.635570 0.040441 0.069547
0 0.215891 0.635263 0.046977 0.075674
0 0.613358 0.497243 0.057598 0.106618
0 0.166054 0.626532 0.041258 0.091299
0 0.085784 0.626379 0.034314 0.084252
0 0.049837 0.613358 0.023693 0.058211
0 0.987541 0.492341 0.023284 0.094363
0 0.952410 0.485754 0.023284 0.081189
0 0.922998 0.493873 0.032271 0.080882
0 0.883578 0.493566 0.045752 0.085784
0 0.753268 0.499081 0.076797 0.037990
0 0.753064 0.530637 0.061683 0.023897
0 0.685253 0.534161 0.054330 0.035846
0 0.125204 0.626379 0.037173 0.086703
0 0.586193 0.622396 0.045752 0.073836
0 0.287377 0.370098 0.040441 0.094975
0 0.216095 0.381893 0.033497 0.071385
0 0.213440 0.200980 0.045343 0.082721
0 0.165033 0.203585 0.041667 0.078738
0 0.522467 0.842218 0.075980 0.082721
0 0.524306 0.891850 0.073938 0.011029
0 0.524918 0.907475 0.072712 0.018382
0 0.604779 0.900429 0.077206 0.012868
0 0.603554 0.880821 0.074755 0.015319
0 0.598652 0.833793 0.071487 0.065870
0 0.670752 0.877911 0.035131 0.027267
0 0.262459 0.199602 0.040441 0.081801
0 0.673815 0.903493 0.043709 0.018995
0 0.732026 0.892923 0.053105 0.018076
0 0.783497 0.841299 0.058824 0.045956
0 0.849265 0.823223 0.053105 0.042279
0 0.856005 0.858762 0.072304 0.021446
0 0.938113 0.844975 0.082108 0.053309
0 0.939951 0.886795 0.082516 0.021140
0 0.159109 0.145833 0.042075 0.026961
0 0.115400 0.203278 0.055964 0.082414
0 0.026348 0.195006 0.052696 0.102022
0 0.726307 0.865502 0.047386 0.028799
0 0.250204 0.381281 0.021650 0.073223
0 0.317810 0.198836 0.037582 0.084559
0 0.396650 0.200980 0.037582 0.082721
0 0.182394 0.385723 0.032271 0.062500
0 0.145016 0.380055 0.033497 0.073836
0 0.099265 0.317555 0.076797 0.037684
0 0.095180 0.357843 0.050654 0.033088
0 0.101511 0.399357 0.051062 0.037071
0 0.031658 0.380362 0.063317 0.083027
0 0.988562 0.192708 0.022059 0.087623
0 0.946895 0.192096 0.053105 0.093137
0 0.894199 0.194087 0.031046 0.090380
0 0.356822 0.198683 0.037173 0.084252
0 0.850694 0.194087 0.052696 0.079350
0 0.747549 0.192555 0.042484 0.089767
0 0.704861 0.194240 0.038807 0.093137
0 0.661560 0.188572 0.046160 0.104473
0 0.618464 0.188113 0.037582 0.102941
0 0.575368 0.191023 0.024918 0.099571
0 0.536356 0.191176 0.043301 0.099877
0 0.489379 0.191789 0.040850 0.099265
0 0.446283 0.189798 0.037990 0.101409
0 0.397059 0.141850 0.038399 0.030025
0 0.792075 0.192249 0.041667 0.082414
0 0.661152 0.621936 0.070670 0.036152
0 0.502247 0.500306 0.035539 0.103554
0 0.740400 0.577512 0.069036 0.026348
0 0.662173 0.711857 0.052288 0.027880
0 0.662173 0.731771 0.047386 0.008272
0 0.665237 0.741728 0.053513 0.006127
0 0.661152 0.750460 0.045343 0.006434
0 0.661356 0.758272 0.053922 0.006740
0 0.662990 0.770374 0.050654 0.013174
0 0.724673 0.715227 0.063725 0.035233
0 0.724877 0.740349 0.058415 0.010110
0 0.726307 0.752757 0.054739 0.008578
0 0.724060 0.767157 0.056781 0.015931
0 0.789828 0.723652 0.056781 0.037990
0 0.787786 0.759038 0.055147 0.025429
0 0.593342 0.768076 0.072304 0.013480
0 0.849469 0.718137 0.059232 0.037990
0 0.899510 0.755208 0.042484 0.022672
0 0.895425 0.719516 0.025327 0.025429
0 0.933824 0.716146 0.024510 0.062806
0 0.962623 0.717065 0.024101 0.063419
0 0.989992 0.723499 0.019199 0.075061
0 0.027982 0.856464 0.041258 0.105086
0 0.094158 0.860754 0.062500 0.110600
0 0.168505 0.890931 0.077206 0.060049
0 0.181168 0.829657 0.073938 0.049020
0 0.272263 0.829810 0.075572 0.053615
0 0.266748 0.886795 0.072712 0.042586
0 0.353350 0.816636 0.062092 0.029105
0 0.660539 0.658395 0.063725 0.025735
0 0.589665 0.751838 0.070670 0.013480
0 0.848448 0.756127 0.048203 0.020221
0 0.267565 0.734528 0.065359 0.070772
0 0.593137 0.719363 0.077614 0.047181
0 0.509804 0.736673 0.077614 0.077512
0 0.203431 0.738358 0.042484 0.069853
0 0.106822 0.740962 0.087827 0.081189
0 0.033497 0.726409 0.047386 0.054534
0 0.982026 0.619638 0.028595 0.076900
0 0.951593 0.620251 0.029003 0.076900
0 0.915441 0.619945 0.039216 0.079963
0 0.837010 0.620251 0.022876 0.079350
0 0.864992 0.612439 0.029003 0.078431
0 0.740809 0.656556 0.072304 0.026348
0 0.743260 0.628370 0.068219 0.022672
0 0.739175 0.604626 0.069036 0.021752
0 0.800245 0.618719 0.039216 0.077512