0 0.846961 0.836298 0.029538 0.069231
0 0.916310 0.849760 0.074914 0.055288
0 0.142123 0.675240 0.095034 0.056731
0 0.237800 0.679928 0.087757 0.066106
0 0.321490 0.694471 0.075342 0.056250
0 0.629281 0.711659 0.085616 0.068510
0 0.478596 0.702764 0.082192 0.068510
0 0.719392 0.720072 0.088613 0.076202
0 0.831550 0.740505 0.123716 0.047837
0 0.921875 0.740505 0.051798 0.052163
0 0.808219 0.833173 0.049658 0.072596
0 0.395548 0.698918 0.059075 0.068990
0 0.754495 0.826923 0.036387 0.054327
0 0.421019 0.793990 0.059503 0.070192
0 0.683219 0.820553 0.023973 0.054087
0 0.655180 0.822476 0.033818 0.051202
0 0.602312 0.814183 0.053082 0.057212
0 0.544092 0.806611 0.060788 0.073798
0 0.479666 0.798558 0.057791 0.061538
0 0.126070 0.576442 0.074058 0.021154
0 0.304152 0.785096 0.063784 0.053846
0 0.246789 0.779687 0.046661 0.063221
0 0.193493 0.772476 0.060788 0.051202
0 0.473031 0.319351 0.030822 0.016106
0 0.877568 0.592909 0.048801 0.014183
0 0.882920 0.576803 0.048373 0.015144
0 0.805437 0.586659 0.048373 0.028125
0 0.716396 0.825000 0.038099 0.059615
0 0.972603 0.744351 0.047945 0.056490
0 0.208262 0.415865 0.026113 0.023077
0 0.197132 0.596875 0.035531 0.055288
0 0.789812 0.417428 0.052226 0.048798
0 0.741438 0.417308 0.045377 0.047596
0 0.699058 0.414904 0.043664 0.050962
0 0.655608 0.411418 0.038955 0.045433
0 0.611729 0.412139 0.046233 0.043510
0 0.566567 0.410938 0.044092 0.044471
0 0.511344 0.394591 0.062928 0.078606
0 0.464255 0.401683 0.031250 0.058173
0 0.431721 0.401442 0.032962 0.061058
0 0.400471 0.401442 0.026113 0.061058
0 0.365154 0.401442 0.039384 0.061538
0 0.326413 0.401683 0.036387 0.062019
0 0.296661 0.406370 0.027397 0.051683
0 0.267979 0.404087 0.027397 0.053365
0 0.235873 0.406370 0.028253 0.051683
0 0.174658 0.415625 0.035959 0.025000
0 0.207620 0.390385 0.027397 0.022596
0 0.177012 0.389183 0.035531 0.020192
0 0.117080 0.408053 0.074914 0.035337
0 0.142551 0.363582 0.059932 0.024279
0 0.959974 0.524038 0.079195 0.051923
0 0.956550 0.486418 0.074914 0.023798
0 0.885702 0.541587 0.049658 0.020192
0 0.844392 0.413341 0.056935 0.055529
0 0.894692 0.416947 0.042808 0.053125
0 0.944349 0.407452 0.053082 0.073077
0 0.063356 0.288582 0.034247 0.048798
0 0.135060 0.610096 0.092038 0.031250
0 0.976241 0.271755 0.040668 0.037260
0 0.971961 0.309615 0.048373 0.032212
0 0.905394 0.285096 0.061644 0.028365
0 0.843964 0.285216 0.057791 0.026202
0 0.783818 0.285337 0.064212 0.025481
0 0.732449 0.286659 0.040240 0.023317
0 0.686216 0.287380 0.052226 0.023798
0 0.619435 0.285457 0.077055 0.029087
0 0.900471 0.313702 0.060360 0.027404
0 0.838613 0.313702 0.063356 0.027404
0 0.886772 0.518990 0.056079 0.020192
0 0.777825 0.313101 0.057363 0.026202
0 0.662457 0.316947 0.059503 0.024279
0 0.602526 0.317188 0.057791 0.023798
0 0.529538 0.282332 0.066781 0.087740
0 0.431721 0.293750 0.032962 0.071154
0 0.399615 0.293750 0.027825 0.073558
0 0.377568 0.292909 0.019692 0.072837
0 0.355950 0.292548 0.016695 0.073077
0 0.331978 0.292668 0.025257 0.075721
0 0.300942 0.300481 0.035959 0.057212
0 0.263699 0.296995 0.035959 0.052163
0 0.223245 0.287620 0.047517 0.069471
0 0.718536 0.314904 0.056935 0.021635
0 0.890411 0.495553 0.051370 0.028125
0 0.093108 0.288822 0.020976 0.048798
0 0.835830 0.516707 0.039812 0.020433
0 0.842038 0.658654 0.045377 0.024519
0 0.835188 0.628606 0.038527 0.036538
0 0.787885 0.617188 0.056079 0.021394
0 0.785531 0.636899 0.048801 0.015625
0 0.785531 0.654928 0.048801 0.019952
0 0.736729 0.653966 0.042808 0.020913
0 0.737800 0.634495 0.044949 0.018029
0 0.736515 0.617548 0.038099 0.015865
0 0.683219 0.623558 0.041096 0.034135
0 0.689640 0.650962 0.052226 0.018269
0 0.641053 0.623077 0.041524 0.025000
0 0.586687 0.622957 0.062072 0.055529
0 0.535531 0.640264 0.043664 0.019471
0 0.533818 0.618269 0.039384 0.024519
0 0.492295 0.612740 0.043664 0.022115
0 0.488870 0.635938 0.041096 0.020913
0 0.439212 0.611058 0.052226 0.055288
0 0.361729 0.622596 0.074486 0.025962
0 0.370291 0.593389 0.079623 0.026202
0 0.288955 0.585577 0.065068 0.029808
0 0.286387 0.615865 0.061644 0.028846
0 0.233519 0.599760 0.032962 0.058173
0 0.845034 0.497356 0.055651 0.013942
0 0.887842 0.640385 0.051370 0.062019
0 0.959546 0.647115 0.068921 0.054327
0 0.639127 0.647596 0.042808 0.017788
0 0.047945 0.497837 0.064212 0.030288
0 0.833262 0.535697 0.044949 0.019952
0 0.059503 0.461659 0.062500 0.028125
0 0.787243 0.537139 0.039384 0.019471
0 0.788741 0.510938 0.044092 0.026683
0 0.738228 0.500000 0.051798 0.025962
0 0.736729 0.526683 0.048801 0.027404
0 0.688142 0.513822 0.037243 0.053125
0 0.644478 0.521635 0.044092 0.037500
0 0.585830 0.521154 0.045805 0.041346
0 0.538527 0.509495 0.042808 0.051202
0 0.475813 0.524639 0.042380 0.018029
0 0.473887 0.501923 0.040240 0.025000
0 0.430651 0.523558 0.040240 0.017308
0 0.637414 0.492909 0.029110 0.020433
0 0.431935 0.499760 0.036815 0.029327
0 0.390839 0.520433 0.039384 0.017308
0 0.390411 0.503125 0.039384 0.015865
0 0.394906 0.484856 0.031250 0.020673
0 0.346318 0.503966 0.035959 0.047356
0 0.311644 0.496154 0.031678 0.062500
0 0.285103 0.494471 0.020548 0.060096
0 0.232021 0.512740 0.035959 0.019712
0 0.233947 0.488101 0.037243 0.030048
0 0.192423 0.492308 0.040668 0.057212
0 0.132491 0.495673 0.068065 0.042788