0 0.474673 0.632200 0.039216 0.096507
0 0.630106 0.619638 0.039624 0.090380
0 0.510417 0.628370 0.033088 0.105392
0 0.547181 0.623009 0.040441 0.094669
0 0.433007 0.628370 0.037582 0.105392
0 0.589665 0.623315 0.037990 0.097120
0 0.957721 0.606158 0.033088 0.091605
0 0.713031 0.616728 0.047794 0.091299
0 0.831291 0.605699 0.036765 0.091299
0 0.874796 0.607537 0.039624 0.086397
0 0.921364 0.608303 0.039624 0.086703
0 0.988358 0.600337 0.022467 0.078125
0 0.828636 0.506587 0.041258 0.096507
0 0.914420 0.506587 0.034722 0.087316
0 0.876634 0.508732 0.040033 0.091605
0 0.667688 0.616728 0.032271 0.093750
0 0.390523 0.630974 0.040033 0.101409
0 0.819649 0.399357 0.042892 0.090380
0 0.265114 0.600337 0.045752 0.089154
0 0.477328 0.488817 0.038807 0.124081
0 0.517361 0.489737 0.043709 0.122243
0 0.559641 0.494945 0.034314 0.103860
0 0.598856 0.496936 0.041667 0.106005
0 0.639093 0.498621 0.034722 0.111213
0 0.674632 0.501225 0.036356 0.106618
0 0.716708 0.497549 0.036356 0.099265
0 0.956495 0.505055 0.046977 0.089767
0 0.866626 0.401961 0.045343 0.089461
0 0.909722 0.401195 0.040850 0.089767
0 0.948325 0.400888 0.036356 0.091605
0 0.984273 0.397825 0.030637 0.085478
0 0.036560 0.604013 0.047794 0.106924
0 0.085989 0.607996 0.043709 0.097120
0 0.132149 0.604933 0.048611 0.092218
0 0.178513 0.604013 0.035131 0.090380
0 0.219771 0.602022 0.045752 0.085784
0 0.305351 0.598346 0.032271 0.085172
0 0.989788 0.503370 0.019608 0.085172
0 0.654820 0.722426 0.037582 0.069853
0 0.101307 0.744026 0.044118 0.113051
0 0.502451 0.831801 0.032680 0.076593
0 0.541462 0.825827 0.039624 0.087929
0 0.578431 0.826746 0.034314 0.082414
0 0.611724 0.823989 0.032271 0.087316
0 0.685866 0.811734 0.036765 0.071998
0 0.722631 0.811887 0.035948 0.071691
0 0.826389 0.807445 0.037582 0.093444
0 0.866830 0.806219 0.042484 0.094669
0 0.909926 0.801930 0.041258 0.086703
0 0.950776 0.798407 0.041258 0.093750
0 0.985090 0.795803 0.029003 0.088542
0 0.827614 0.707874 0.045752 0.088542
0 0.869077 0.708180 0.034722 0.089154
0 0.907680 0.703738 0.042484 0.080270
0 0.952002 0.702512 0.043709 0.081495
0 0.986724 0.702053 0.025735 0.081801
0 0.433619 0.491575 0.042075 0.127757
0 0.466095 0.835478 0.035131 0.085172
0 0.046773 0.746170 0.062500 0.106924
0 0.428309 0.840074 0.037173 0.076593
0 0.259600 0.856924 0.046977 0.107843
0 0.153595 0.740502 0.053922 0.110294
0 0.209150 0.735294 0.049020 0.123775
0 0.261438 0.731924 0.043301 0.108456
0 0.304943 0.732690 0.043709 0.108150
0 0.400531 0.741115 0.029003 0.066176
0 0.431168 0.738205 0.033905 0.070772
0 0.468954 0.735600 0.040850 0.064338
0 0.508987 0.734528 0.039216 0.066483
0 0.549632 0.731311 0.039624 0.060662
0 0.586193 0.728707 0.034314 0.066483
0 0.619894 0.726409 0.033088 0.062500
0 0.693423 0.721661 0.040441 0.067096
0 0.730188 0.717678 0.032271 0.074449
0 0.043096 0.871936 0.058415 0.112132
0 0.098243 0.871324 0.050245 0.114583
0 0.153186 0.868260 0.059641 0.109069
0 0.208946 0.863051 0.051879 0.121324
0 0.308619 0.854013 0.051062 0.113051
0 0.646446 0.815564 0.036356 0.071691
0 0.150940 0.374694 0.040441 0.071078
0 0.017565 0.495098 0.032680 0.073529
0 0.248162 0.277880 0.037173 0.070466
0 0.283088 0.279718 0.031863 0.066789
0 0.381127 0.346048 0.040033 0.101409
0 0.423611 0.347733 0.037582 0.096814
0 0.465891 0.348652 0.046977 0.096814
0 0.509600 0.345588 0.040441 0.101103
0 0.548611 0.347733 0.037582 0.099877
0 0.589665 0.349112 0.044526 0.098958
0 0.631332 0.345435 0.041258 0.092831
0 0.672181 0.344363 0.040441 0.094363
0 0.711806 0.346967 0.038807 0.098346
0 0.030433 0.381587 0.049428 0.067096
0 0.071487 0.379596 0.034314 0.071078
0 0.111724 0.377911 0.038807 0.066483
0 0.189542 0.374694 0.031863 0.066789
0 0.223243 0.377911 0.037173 0.064645
0 0.391340 0.494026 0.041667 0.122855
0 0.299632 0.486060 0.039624 0.085478
0 0.261029 0.487439 0.037582 0.081495
0 0.217525 0.489124 0.037990 0.076900
0 0.179739 0.494485 0.037582 0.067402
0 0.137868 0.490962 0.034722 0.068321
0 0.100082 0.490809 0.040850 0.069240
0 0.057802 0.494179 0.043709 0.075980
0 0.262663 0.378523 0.034314 0.062806
0 0.986928 0.300398 0.025327 0.090380
0 0.950776 0.294271 0.037990 0.095895
0 0.912582 0.296875 0.040033 0.091912
0 0.865605 0.295343 0.046569 0.088848
0 0.215482 0.278799 0.030637 0.072917
0 0.823529 0.293658 0.037582 0.090993
0 0.179330 0.280025 0.040033 0.072917
0 0.100082 0.276961 0.037582 0.069240
0 0.041667 0.175551 0.034314 0.063113
0 0.076185 0.177237 0.030637 0.065870
0 0.110703 0.176624 0.037582 0.066483
0 0.149306 0.176317 0.039624 0.066483
0 0.184436 0.178462 0.028186 0.065257
0 0.216708 0.176777 0.036356 0.063113
0 0.252247 0.180913 0.032271 0.054841
0 0.283088 0.180760 0.031863 0.054534
0 0.377451 0.215227 0.044935 0.104473
0 0.140931 0.278033 0.035131 0.067708
0 0.423611 0.217218 0.044118 0.099877
0 0.464869 0.218750 0.038399 0.102328
0 0.293301 0.377757 0.026961 0.064951
0 0.553717 0.219516 0.041258 0.101409
0 0.063113 0.276654 0.032271 0.068015
0 0.026552 0.275276 0.037582 0.071998
0 0.511234 0.218750 0.043709 0.101716
0 0.931781 0.189185 0.031863 0.087929
0 0.897059 0.188572 0.037582 0.090993
0 0.972018 0.187040 0.046160 0.083640
0 0.816993 0.187347 0.037582 0.088542
0 0.714052 0.219056 0.041667 0.095588
0 0.674224 0.220282 0.038807 0.096201
0 0.634191 0.220129 0.040441 0.095895
0 0.593342 0.220895 0.039624 0.097426
0 0.858047 0.187653 0.040441 0.089154